0 0.0
1 6.0
2 144.0
3 287.0
4 223.0
5 271.0
6 268.0
7 224.0
8 415.0
9 283.0
10 238.0
11 169.0
12 243.0
13 515.0
14 221.0
15 158.0
16 293.0
17 402.0
18 241.0
19 201.0
20 279.0
21 255.0
22 330.0
23 244.0
24 300.0
25 224.0
26 485.0
27 188.0
28 354.0
29 307.0
30 286.0
31 260.0
32 234.0
33 324.0
34 389.0
35 397.0
36 297.0
37 243.0
38 369.0
39 201.0
40 349.0
41 352.0
42 241.0
43 313.0
44 311.0
45 415.0
46 298.0
47 88.0
48 289.0
49 319.0
50 344.0
51 249.0
52 307.0
53 373.0
54 303.0
55 398.0
56 215.0
57 348.0
58 300.0
59 243.0
60 298.0
61 315.0
62 292.0
63 374.0
64 285.0
65 287.0
66 302.0
67 253.0
68 113.0
69 328.0
70 432.0
71 339.0
72 235.0
73 372.0
74 319.0
75 270.0
76 370.0
77 255.0
78 261.0
79 237.0
80 395.0
81 196.0
82 396.0
83 347.0
84 326.0
85 390.0
86 271.0
87 412.0
88 476.0
89 339.0
90 317.0
91 363.0
92 324.0
93 182.0
94 454.0
95 414.0
96 324.0
97 332.0
98 379.0
99 258.0
100 289.0
101 293.0
102 307.0
103 409.0
104 271.0
105 315.0
106 337.0
107 240.0
108 257.0
109 359.0
110 422.0
111 401.0
112 344.0
113 328.0
114 258.0
115 298.0
116 406.0
117 302.0
118 467.0
119 191.0
120 269.0
Average 300.97520661157023
