0 0.0
1 6.0
2 158.0
3 292.0
4 206.0
5 287.0
6 260.0
7 239.0
8 424.0
9 264.0
10 233.0
11 186.0
12 256.0
13 502.0
14 204.0
15 181.0
16 260.0
17 417.0
18 243.0
19 184.0
20 284.0
21 279.0
22 323.0
23 252.0
24 294.0
25 217.0
26 478.0
27 178.0
28 390.0
29 310.0
30 266.0
31 275.0
32 231.0
33 338.0
34 350.0
35 409.0
36 284.0
37 244.0
38 367.0
39 197.0
40 379.0
41 333.0
42 253.0
43 359.0
44 282.0
45 398.0
46 284.0
47 93.0
48 320.0
49 274.0
50 352.0
51 244.0
52 351.0
53 348.0
54 291.0
55 408.0
56 220.0
57 343.0
58 320.0
59 211.0
60 328.0
61 282.0
62 305.0
63 362.0
64 280.0
65 302.0
66 287.0
67 252.0
68 130.0
69 311.0
70 478.0
71 312.0
72 218.0
73 393.0
74 343.0
75 244.0
76 360.0
77 253.0
78 268.0
79 221.0
80 431.0
81 160.0
82 451.0
83 348.0
84 282.0
85 412.0
86 237.0
87 439.0
88 449.0
89 422.0
90 247.0
91 355.0
92 329.0
93 172.0
94 506.0
95 388.0
96 298.0
97 334.0
98 415.0
99 224.0
100 297.0
101 310.0
102 307.0
103 394.0
104 276.0
105 306.0
106 358.0
107 225.0
108 241.0
109 409.0
110 459.0
111 314.0
112 388.0
113 300.0
114 262.0
115 278.0
116 418.0
117 299.0
118 496.0
119 167.0
120 263.0
Average 301.0413223140496
