0 0.0
1 6.0
2 147.0
3 291.0
4 216.0
5 285.0
6 263.0
7 238.0
8 433.0
9 251.0
10 233.0
11 178.0
12 252.0
13 499.0
14 225.0
15 165.0
16 276.0
17 409.0
18 248.0
19 187.0
20 284.0
21 274.0
22 319.0
23 248.0
24 305.0
25 209.0
26 493.0
27 173.0
28 363.0
29 326.0
30 266.0
31 282.0
32 227.0
33 334.0
34 363.0
35 390.0
36 300.0
37 246.0
38 363.0
39 201.0
40 360.0
41 346.0
42 256.0
43 328.0
44 314.0
45 391.0
46 288.0
47 84.0
48 293.0
49 315.0
50 346.0
51 250.0
52 332.0
53 355.0
54 302.0
55 402.0
56 221.0
57 345.0
58 315.0
59 214.0
60 331.0
61 283.0
62 303.0
63 366.0
64 285.0
65 289.0
66 272.0
67 275.0
68 120.0
69 321.0
70 454.0
71 342.0
72 211.0
73 383.0
74 334.0
75 259.0
76 365.0
77 250.0
78 268.0
79 224.0
80 419.0
81 172.0
82 401.0
83 383.0
84 286.0
85 421.0
86 239.0
87 434.0
88 454.0
89 401.0
90 267.0
91 356.0
92 327.0
93 174.0
94 477.0
95 416.0
96 299.0
97 334.0
98 406.0
99 232.0
100 291.0
101 304.0
102 315.0
103 398.0
104 275.0
105 300.0
106 358.0
107 231.0
108 243.0
109 395.0
110 447.0
111 340.0
112 384.0
113 298.0
114 253.0
115 293.0
116 406.0
117 304.0
118 493.0
119 170.0
120 269.0
Average 301.0330578512397
