0 341.0
1 267.0
2 191.0
3 305.0
4 167.0
5 270.0
6 196.0
7 362.0
8 117.0
9 487.0
10 219.0
11 298.0
12 316.0
13 259.0
14 347.0
15 165.0
16 384.0
17 305.0
18 236.0
19 324.0
20 290.0
21 453.0
22 243.0
23 104.0
24 261.0
25 366.0
26 208.0
27 370.0
28 295.0
29 317.0
30 285.0
31 319.0
32 250.0
33 332.0
34 292.0
35 270.0
36 303.0
37 278.0
38 291.0
39 352.0
40 194.0
41 381.0
42 341.0
43 178.0
44 325.0
45 235.0
46 285.0
47 173.0
48 193.0
49 219.0
50 334.0
51 279.0
52 325.0
53 260.0
54 188.0
55 142.0
56 472.0
57 294.0
58 251.0
59 261.0
60 335.0
61 240.0
62 257.0
63 211.0
64 465.0
65 462.0
66 146.0
67 329.0
68 263.0
69 255.0
70 168.0
71 242.0
72 515.0
73 183.0
74 429.0
75 377.0
76 257.0
77 177.0
78 353.0
79 223.0
80 258.0
81 328.0
82 119.0
83 237.0
84 441.0
85 278.0
86 316.0
87 256.0
88 258.0
89 373.0
90 290.0
91 278.0
92 269.0
93 285.0
94 211.0
95 245.0
96 285.0
97 252.0
98 165.0
99 318.0
100 352.0
101 298.0
102 182.0
103 487.0
104 282.0
105 211.0
106 364.0
107 341.0
108 238.0
109 273.0
110 212.0
111 276.0
112 376.0
113 291.0
114 95.0
115 266.0
116 401.0
117 263.0
118 234.0
119 227.0
120 593.0
Average 284.099173553719
