0 330.0
1 280.0
2 194.0
3 307.0
4 163.0
5 280.0
6 185.0
7 358.0
8 123.0
9 488.0
10 220.0
11 294.0
12 331.0
13 250.0
14 341.0
15 177.0
16 373.0
17 328.0
18 231.0
19 342.0
20 253.0
21 454.0
22 245.0
23 103.0
24 260.0
25 369.0
26 204.0
27 374.0
28 295.0
29 330.0
30 268.0
31 319.0
32 253.0
33 329.0
34 292.0
35 270.0
36 302.0
37 282.0
38 286.0
39 351.0
40 196.0
41 397.0
42 331.0
43 187.0
44 333.0
45 222.0
46 240.0
47 209.0
48 193.0
49 219.0
50 334.0
51 283.0
52 325.0
53 260.0
54 184.0
55 142.0
56 476.0
57 294.0
58 247.0
59 270.0
60 339.0
61 242.0
62 242.0
63 212.0
64 467.0
65 459.0
66 156.0
67 313.0
68 272.0
69 253.0
70 170.0
71 253.0
72 513.0
73 171.0
74 429.0
75 377.0
76 273.0
77 162.0
78 354.0
79 232.0
80 247.0
81 328.0
82 122.0
83 234.0
84 442.0
85 290.0
86 307.0
87 259.0
88 255.0
89 374.0
90 285.0
91 279.0
92 271.0
93 282.0
94 212.0
95 244.0
96 284.0
97 273.0
98 145.0
99 321.0
100 352.0
101 275.0
102 202.0
103 487.0
104 299.0
105 195.0
106 321.0
107 387.0
108 234.0
109 282.0
110 204.0
111 294.0
112 357.0
113 291.0
114 113.0
115 253.0
116 396.0
117 273.0
118 224.0
119 249.0
120 583.0
Average 284.21487603305786
