0 144.0
1 204.0
2 271.0
3 269.0
4 372.0
5 108.0
6 268.0
7 323.0
8 263.0
9 191.0
10 249.0
11 446.0
12 234.0
13 185.0
14 355.0
15 388.0
16 267.0
17 118.0
18 259.0
19 228.0
20 272.0
21 206.0
22 232.0
23 176.0
24 268.0
25 335.0
26 206.0
27 350.0
28 252.0
29 362.0
30 129.0
31 287.0
32 324.0
33 270.0
34 228.0
35 365.0
36 148.0
37 452.0
38 198.0
39 164.0
40 379.0
41 335.0
42 357.0
43 229.0
44 253.0
45 356.0
46 229.0
47 143.0
48 426.0
49 329.0
50 259.0
51 440.0
52 304.0
53 229.0
54 202.0
55 254.0
56 221.0
57 307.0
58 237.0
59 223.0
60 502.0
61 273.0
62 255.0
63 406.0
64 269.0
65 395.0
66 379.0
67 213.0
68 465.0
69 380.0
70 270.0
71 327.0
72 153.0
73 345.0
74 292.0
75 288.0
76 315.0
77 279.0
78 308.0
79 403.0
80 299.0
81 342.0
82 331.0
83 356.0
84 326.0
85 271.0
86 271.0
87 144.0
88 257.0
89 274.0
90 348.0
91 179.0
92 427.0
93 462.0
94 314.0
95 381.0
96 493.0
97 303.0
98 417.0
99 341.0
100 219.0
101 274.0
102 362.0
103 301.0
104 349.0
105 216.0
106 336.0
107 230.0
108 222.0
109 543.0
110 481.0
111 234.0
112 314.0
113 232.0
114 366.0
115 241.0
116 264.0
117 207.0
118 288.0
119 107.0
120 450.0
Average 292.2892561983471
