0 283.0
1 328.0
2 220.0
3 284.0
4 163.0
5 283.0
6 186.0
7 366.0
8 108.0
9 490.0
10 236.0
11 276.0
12 317.0
13 270.0
14 335.0
15 175.0
16 376.0
17 331.0
18 277.0
19 283.0
20 262.0
21 461.0
22 247.0
23 94.0
24 262.0
25 368.0
26 211.0
27 381.0
28 283.0
29 337.0
30 258.0
31 319.0
32 262.0
33 320.0
34 292.0
35 270.0
36 307.0
37 289.0
38 275.0
39 367.0
40 188.0
41 391.0
42 338.0
43 192.0
44 326.0
45 216.0
46 277.0
47 170.0
48 194.0
49 218.0
50 334.0
51 299.0
52 317.0
53 258.0
54 178.0
55 143.0
56 482.0
57 286.0
58 248.0
59 271.0
60 334.0
61 257.0
62 231.0
63 213.0
64 478.0
65 447.0
66 170.0
67 307.0
68 267.0
69 250.0
70 172.0
71 255.0
72 527.0
73 153.0
74 429.0
75 377.0
76 280.0
77 168.0
78 343.0
79 232.0
80 248.0
81 325.0
82 127.0
83 229.0
84 445.0
85 293.0
86 333.0
87 231.0
88 262.0
89 366.0
90 282.0
91 288.0
92 269.0
93 275.0
94 219.0
95 237.0
96 322.0
97 241.0
98 139.0
99 321.0
100 360.0
101 285.0
102 208.0
103 466.0
104 300.0
105 202.0
106 352.0
107 347.0
108 236.0
109 290.0
110 192.0
111 298.0
112 353.0
113 291.0
114 117.0
115 256.0
116 395.0
117 295.0
118 196.0
119 254.0
120 580.0
Average 284.2396694214876
