0 143.0
1 201.0
2 268.0
3 269.0
4 378.0
5 108.0
6 268.0
7 302.0
8 283.0
9 192.0
10 249.0
11 426.0
12 248.0
13 184.0
14 362.0
15 385.0
16 270.0
17 110.0
18 264.0
19 234.0
20 256.0
21 220.0
22 214.0
23 193.0
24 267.0
25 336.0
26 206.0
27 350.0
28 245.0
29 351.0
30 146.0
31 287.0
32 323.0
33 285.0
34 215.0
35 365.0
36 139.0
37 457.0
38 202.0
39 189.0
40 351.0
41 338.0
42 357.0
43 229.0
44 253.0
45 355.0
46 230.0
47 143.0
48 403.0
49 351.0
50 257.0
51 434.0
52 312.0
53 228.0
54 200.0
55 256.0
56 224.0
57 298.0
58 245.0
59 224.0
60 503.0
61 267.0
62 258.0
63 407.0
64 260.0
65 404.0
66 357.0
67 224.0
68 475.0
69 375.0
70 278.0
71 324.0
72 131.0
73 342.0
74 319.0
75 287.0
76 313.0
77 281.0
78 263.0
79 439.0
80 307.0
81 347.0
82 320.0
83 359.0
84 329.0
85 270.0
86 273.0
87 144.0
88 257.0
89 272.0
90 339.0
91 190.0
92 419.0
93 467.0
94 317.0
95 380.0
96 488.0
97 306.0
98 420.0
99 338.0
100 222.0
101 254.0
102 382.0
103 300.0
104 340.0
105 219.0
106 343.0
107 222.0
108 223.0
109 553.0
110 491.0
111 214.0
112 317.0
113 230.0
114 379.0
115 240.0
116 257.0
117 206.0
118 287.0
119 111.0
120 422.0
Average 292.05785123966945
