0 10.0
1 23.0
2 8.0
3 19.0
4 78.0
5 60.0
6 153.0
7 243.0
8 239.0
9 412.0
10 257.0
11 260.0
12 211.0
13 302.0
14 249.0
15 191.0
16 229.0
17 160.0
18 230.0
19 214.0
20 240.0
21 238.0
22 196.0
23 372.0
24 224.0
25 247.0
26 261.0
27 262.0
28 318.0
29 264.0
30 346.0
31 214.0
32 227.0
33 235.0
34 249.0
35 352.0
36 294.0
37 352.0
38 280.0
39 242.0
40 144.0
41 267.0
42 294.0
43 188.0
44 224.0
45 312.0
46 389.0
47 222.0
48 267.0
49 327.0
50 254.0
51 305.0
52 358.0
53 144.0
54 174.0
55 313.0
56 273.0
57 389.0
58 249.0
59 363.0
60 343.0
61 228.0
62 244.0
63 254.0
64 275.0
65 253.0
66 305.0
67 261.0
68 273.0
69 212.0
70 259.0
71 292.0
72 145.0
73 343.0
74 272.0
75 225.0
76 315.0
77 242.0
78 393.0
79 229.0
80 231.0
81 363.0
82 243.0
83 223.0
84 397.0
85 115.0
86 381.0
87 271.0
88 357.0
89 86.0
90 326.0
91 421.0
92 297.0
93 273.0
94 308.0
95 260.0
96 268.0
97 246.0
98 334.0
99 324.0
100 258.0
101 284.0
102 390.0
103 362.0
104 250.0
105 269.0
106 348.0
107 218.0
108 343.0
109 275.0
110 218.0
111 391.0
112 370.0
113 236.0
114 335.0
115 270.0
116 369.0
117 236.0
118 275.0
119 266.0
120 282.0
Average 262.3884297520661
