0 0.0
1 0.0
2 0.0
3 1.0
4 132.0
5 145.0
6 33.0
7 224.0
8 237.0
9 420.0
10 270.0
11 253.0
12 197.0
13 321.0
14 230.0
15 196.0
16 236.0
17 149.0
18 246.0
19 205.0
20 246.0
21 224.0
22 196.0
23 374.0
24 230.0
25 250.0
26 250.0
27 274.0
28 327.0
29 255.0
30 350.0
31 198.0
32 265.0
33 208.0
34 241.0
35 349.0
36 341.0
37 323.0
38 263.0
39 253.0
40 132.0
41 278.0
42 300.0
43 173.0
44 222.0
45 312.0
46 420.0
47 191.0
48 267.0
49 328.0
50 289.0
51 292.0
52 367.0
53 112.0
54 199.0
55 292.0
56 288.0
57 382.0
58 237.0
59 395.0
60 322.0
61 233.0
62 228.0
63 260.0
64 289.0
65 234.0
66 315.0
67 264.0
68 271.0
69 213.0
70 247.0
71 310.0
72 126.0
73 371.0
74 262.0
75 207.0
76 317.0
77 301.0
78 332.0
79 229.0
80 244.0
81 361.0
82 234.0
83 259.0
84 380.0
85 130.0
86 345.0
87 288.0
88 340.0
89 98.0
90 324.0
91 441.0
92 267.0
93 288.0
94 300.0
95 253.0
96 270.0
97 258.0
98 351.0
99 301.0
100 267.0
101 278.0
102 384.0
103 366.0
104 241.0
105 295.0
106 336.0
107 212.0
108 344.0
109 279.0
110 212.0
111 409.0
112 345.0
113 242.0
114 350.0
115 285.0
116 333.0
117 262.0
118 252.0
119 289.0
120 261.0
Average 261.92561983471074
