0 0.0
1 0.0
2 0.0
3 1.0
4 115.0
5 162.0
6 31.0
7 225.0
8 238.0
9 412.0
10 271.0
11 246.0
12 211.0
13 311.0
14 240.0
15 195.0
16 233.0
17 153.0
18 243.0
19 202.0
20 250.0
21 226.0
22 196.0
23 373.0
24 224.0
25 253.0
26 255.0
27 263.0
28 334.0
29 251.0
30 357.0
31 198.0
32 280.0
33 190.0
34 244.0
35 349.0
36 332.0
37 325.0
38 270.0
39 253.0
40 132.0
41 280.0
42 279.0
43 192.0
44 222.0
45 312.0
46 408.0
47 203.0
48 267.0
49 328.0
50 266.0
51 294.0
52 386.0
53 114.0
54 185.0
55 306.0
56 286.0
57 381.0
58 240.0
59 364.0
60 352.0
61 236.0
62 226.0
63 259.0
64 283.0
65 241.0
66 311.0
67 254.0
68 277.0
69 215.0
70 253.0
71 307.0
72 129.0
73 367.0
74 264.0
75 209.0
76 316.0
77 260.0
78 374.0
79 229.0
80 253.0
81 347.0
82 239.0
83 250.0
84 382.0
85 109.0
86 373.0
87 279.0
88 349.0
89 95.0
90 326.0
91 437.0
92 272.0
93 286.0
94 305.0
95 250.0
96 270.0
97 250.0
98 349.0
99 305.0
100 273.0
101 278.0
102 384.0
103 368.0
104 239.0
105 284.0
106 338.0
107 217.0
108 348.0
109 271.0
110 216.0
111 405.0
112 353.0
113 241.0
114 349.0
115 261.0
116 359.0
117 237.0
118 275.0
119 286.0
120 266.0
Average 261.92561983471074
