0 147.0
1 202.0
2 272.0
3 266.0
4 376.0
5 108.0
6 265.0
7 319.0
8 268.0
9 193.0
10 249.0
11 413.0
12 265.0
13 179.0
14 363.0
15 387.0
16 267.0
17 106.0
18 269.0
19 227.0
20 272.0
21 205.0
22 230.0
23 181.0
24 269.0
25 336.0
26 206.0
27 350.0
28 244.0
29 353.0
30 146.0
31 282.0
32 327.0
33 280.0
34 220.0
35 365.0
36 129.0
37 462.0
38 207.0
39 172.0
40 367.0
41 339.0
42 357.0
43 228.0
44 254.0
45 353.0
46 232.0
47 143.0
48 416.0
49 338.0
50 255.0
51 437.0
52 310.0
53 229.0
54 195.0
55 246.0
56 238.0
57 297.0
58 243.0
59 225.0
60 499.0
61 270.0
62 225.0
63 442.0
64 255.0
65 411.0
66 352.0
67 231.0
68 473.0
69 367.0
70 270.0
71 340.0
72 127.0
73 325.0
74 324.0
75 303.0
76 313.0
77 280.0
78 279.0
79 429.0
80 299.0
81 344.0
82 325.0
83 360.0
84 324.0
85 273.0
86 275.0
87 144.0
88 256.0
89 273.0
90 340.0
91 189.0
92 423.0
93 457.0
94 323.0
95 376.0
96 498.0
97 302.0
98 416.0
99 340.0
100 222.0
101 239.0
102 397.0
103 300.0
104 344.0
105 214.0
106 344.0
107 224.0
108 221.0
109 537.0
110 486.0
111 242.0
112 308.0
113 236.0
114 378.0
115 230.0
116 264.0
117 205.0
118 286.0
119 111.0
120 444.0
Average 292.25619834710744
