0 1085.0
1 857.0
2 1056.0
3 1095.0
4 1280.0
5 996.0
6 983.0
7 964.0
8 968.0
9 1281.0
10 770.0
11 1103.0
12 874.0
13 950.0
14 1109.0
15 1011.0
16 1105.0
17 1004.0
18 1421.0
19 1011.0
20 1051.0
21 857.0
22 872.0
23 1077.0
24 856.0
25 1265.0
26 716.0
27 1101.0
28 1436.0
29 937.0
30 1085.0
31 933.0
32 1010.0
33 1073.0
34 891.0
35 1213.0
36 768.0
37 1087.0
38 1347.0
39 1106.0
40 828.0
41 1024.0
42 878.0
43 1172.0
44 1274.0
45 926.0
46 896.0
47 1296.0
48 1081.0
49 1056.0
50 1043.0
51 1000.0
52 1029.0
53 1128.0
54 761.0
55 1058.0
56 1041.0
57 1058.0
58 1083.0
59 697.0
60 845.0
61 1202.0
62 989.0
63 1025.0
64 967.0
65 882.0
66 1196.0
67 971.0
68 1089.0
69 1064.0
70 1060.0
71 1103.0
72 1141.0
73 972.0
74 1061.0
75 1075.0
76 1338.0
77 917.0
78 1141.0
79 1203.0
80 957.0
81 1027.0
82 1151.0
83 839.0
84 1107.0
85 1028.0
86 1210.0
87 923.0
88 1144.0
89 905.0
90 874.0
91 969.0
92 1174.0
93 866.0
94 1101.0
95 921.0
96 953.0
97 1047.0
98 1178.0
99 1170.0
100 926.0
101 1254.0
102 1060.0
103 958.0
104 980.0
105 950.0
106 1180.0
107 1155.0
108 1085.0
109 1083.0
110 993.0
111 914.0
112 1117.0
113 1008.0
114 1216.0
115 1003.0
116 1016.0
117 1156.0
118 1008.0
119 910.0
120 914.0
Average 1038.0495867768595
