0 1050.0
1 784.0
2 1200.0
3 1028.0
4 1092.0
5 1144.0
6 862.0
7 1192.0
8 899.0
9 811.0
10 1157.0
11 1177.0
12 915.0
13 910.0
14 1117.0
15 950.0
16 1105.0
17 1054.0
18 1331.0
19 1038.0
20 1021.0
21 994.0
22 753.0
23 1067.0
24 954.0
25 1164.0
26 860.0
27 989.0
28 1431.0
29 934.0
30 1100.0
31 938.0
32 984.0
33 1024.0
34 928.0
35 1154.0
36 905.0
37 1018.0
38 1325.0
39 1148.0
40 980.0
41 832.0
42 1045.0
43 939.0
44 1404.0
45 845.0
46 1082.0
47 1070.0
48 1154.0
49 1111.0
50 937.0
51 1140.0
52 1004.0
53 1019.0
54 836.0
55 1052.0
56 1018.0
57 1019.0
58 1103.0
59 866.0
60 855.0
61 885.0
62 1219.0
63 1026.0
64 1058.0
65 816.0
66 1108.0
67 1062.0
68 1073.0
69 882.0
70 1210.0
71 1055.0
72 1096.0
73 1081.0
74 1032.0
75 1135.0
76 1218.0
77 1010.0
78 1173.0
79 1153.0
80 970.0
81 1040.0
82 912.0
83 1044.0
84 1070.0
85 984.0
86 1336.0
87 802.0
88 1147.0
89 1012.0
90 837.0
91 852.0
92 1005.0
93 1064.0
94 1093.0
95 1019.0
96 969.0
97 957.0
98 1155.0
99 1078.0
100 929.0
101 1041.0
102 1233.0
103 1044.0
104 1111.0
105 942.0
106 1150.0
107 1055.0
108 974.0
109 1255.0
110 994.0
111 1066.0
112 1024.0
113 1173.0
114 985.0
115 1099.0
116 1034.0
117 1094.0
118 1108.0
119 854.0
120 760.0
Average 1036.206611570248
