0 1038.0
1 814.0
2 1200.0
3 1050.0
4 1054.0
5 1166.0
6 912.0
7 1126.0
8 904.0
9 806.0
10 1149.0
11 1213.0
12 895.0
13 910.0
14 1105.0
15 988.0
16 1112.0
17 1025.0
18 1364.0
19 1019.0
20 1037.0
21 966.0
22 749.0
23 1054.0
24 964.0
25 1227.0
26 794.0
27 999.0
28 1409.0
29 956.0
30 1091.0
31 944.0
32 978.0
33 1026.0
34 927.0
35 1154.0
36 901.0
37 1045.0
38 1310.0
39 1168.0
40 940.0
41 910.0
42 989.0
43 963.0
44 1389.0
45 820.0
46 1081.0
47 1100.0
48 1098.0
49 1141.0
50 935.0
51 1148.0
52 1008.0
53 1034.0
54 825.0
55 1046.0
56 984.0
57 1065.0
58 1203.0
59 746.0
60 856.0
61 945.0
62 1148.0
63 1025.0
64 1069.0
65 832.0
66 1100.0
67 1050.0
68 1091.0
69 902.0
70 1210.0
71 1052.0
72 1131.0
73 1004.0
74 1052.0
75 1131.0
76 1222.0
77 1045.0
78 1140.0
79 1139.0
80 984.0
81 1026.0
82 1073.0
83 909.0
84 1058.0
85 1046.0
86 1294.0
87 813.0
88 1124.0
89 991.0
90 864.0
91 899.0
92 1157.0
93 947.0
94 975.0
95 1027.0
96 967.0
97 990.0
98 1212.0
99 1050.0
100 1081.0
101 1142.0
102 1111.0
103 943.0
104 955.0
105 1029.0
106 1176.0
107 1080.0
108 1264.0
109 1076.0
110 919.0
111 978.0
112 1026.0
113 1153.0
114 1019.0
115 1092.0
116 1019.0
117 1105.0
118 1084.0
119 883.0
120 750.0
Average 1036.4380165289256
