0 6.0
1 6.0
2 4.0
3 5.0
4 5.0
5 4.0
6 8.0
7 5.0
8 7.0
9 7.0
10 4.0
11 4.0
12 6.0
13 6.0
14 4.0
15 6.0
16 8.0
17 6.0
18 6.0
19 6.0
20 4.0
21 10.0
22 5.0
23 5.0
24 7.0
25 9.0
26 6.0
27 6.0
28 5.0
29 21.0
30 8.0
31 5.0
32 4.0
33 4.0
34 4.0
35 4.0
36 27.0
37 4.0
38 4.0
39 4.0
40 4.0
41 4.0
42 4.0
43 5.0
44 4.0
45 6.0
46 4.0
47 4.0
48 4.0
49 6.0
50 15.0
51 8.0
52 18.0
53 12.0
54 27.0
55 42.0
56 9.0
57 10.0
58 22.0
59 8.0
60 16.0
61 10.0
62 9.0
63 3.0
64 4.0
65 8.0
66 10.0
67 16.0
68 8.0
69 15.0
70 24.0
71 52.0
72 3.0
73 28.0
74 6.0
75 32.0
76 2.0
77 11.0
78 29.0
79 9.0
80 12.0
81 27.0
82 12.0
83 12.0
84 22.0
85 50.0
86 89.0
87 39.0
88 9.0
89 17.0
90 12.0
91 20.0
92 8.0
93 31.0
94 10.0
95 10.0
96 4.0
97 10.0
98 5.0
99 8.0
100 5.0
101 12.0
102 4.0
103 9.0
104 6.0
105 4.0
106 8.0
107 9.0
108 4.0
109 4.0
110 9.0
111 5.0
112 9.0
113 6.0
114 4.0
115 26.0
116 1.0
117 6.0
118 6.0
119 27.0
120 105.0
Average 11.950413223140496
