0 243.0
1 0.0
2 20.0
3 0.0
4 23.0
5 0.0
6 0.0
7 2.0
8 3.0
9 0.0
10 0.0
11 12.0
12 224.0
13 364.0
14 2.0
15 46.0
16 103.0
17 449.0
18 0.0
19 0.0
20 0.0
21 0.0
22 0.0
23 0.0
24 0.0
25 0.0
26 0.0
27 0.0
28 0.0
29 0.0
30 101.0
31 22.0
32 377.0
33 102.0
34 16.0
35 234.0
36 0.0
37 0.0
38 0.0
39 19.0
40 145.0
41 136.0
42 20.0
43 0.0
44 23.0
45 0.0
46 0.0
47 2.0
48 3.0
49 0.0
50 0.0
51 12.0
52 134.0
53 88.0
54 229.0
55 141.0
56 147.0
57 1.0
58 355.0
59 93.0
60 0.0
61 0.0
62 0.0
63 0.0
64 0.0
65 0.0
66 4.0
67 498.0
68 691.0
69 705.0
70 789.0
71 841.0
72 795.0
73 972.0
74 1046.0
75 1030.0
76 783.0
77 1005.0
78 732.0
79 575.0
80 901.0
81 756.0
82 868.0
83 999.0
84 767.0
85 591.0
86 710.0
87 886.0
88 912.0
89 1219.0
90 708.0
91 856.0
92 803.0
93 894.0
94 809.0
95 661.0
96 927.0
97 942.0
98 752.0
99 656.0
100 796.0
101 1286.0
102 1028.0
103 534.0
104 922.0
105 945.0
106 891.0
107 734.0
108 904.0
109 841.0
110 899.0
111 1085.0
112 997.0
113 844.0
114 815.0
115 914.0
116 915.0
117 1106.0
118 948.0
119 770.0
120 1044.0
Average 414.8099173553719
