0 12.0
1 12.0
2 12.0
3 12.0
4 12.0
5 12.0
6 13.0
7 1.0
8 58.0
9 62.0
10 101.0
11 121.0
12 88.0
13 2.0
14 76.0
15 154.0
16 143.0
17 1276.0
18 753.0
19 0.0
20 0.0
21 0.0
22 4.0
23 136.0
24 45.0
25 36.0
26 136.0
27 0.0
28 0.0
29 0.0
30 0.0
31 0.0
32 0.0
33 0.0
34 0.0
35 0.0
36 0.0
37 0.0
38 0.0
39 0.0
40 0.0
41 0.0
42 0.0
43 0.0
44 0.0
45 0.0
46 0.0
47 7.0
48 236.0
49 67.0
50 228.0
51 264.0
52 468.0
53 285.0
54 106.0
55 382.0
56 0.0
57 0.0
58 0.0
59 0.0
60 0.0
61 0.0
62 3.0
63 25.0
64 157.0
65 35.0
66 137.0
67 0.0
68 0.0
69 0.0
70 0.0
71 0.0
72 0.0
73 0.0
74 0.0
75 0.0
76 68.0
77 381.0
78 807.0
79 896.0
80 810.0
81 943.0
82 811.0
83 852.0
84 1069.0
85 864.0
86 882.0
87 759.0
88 945.0
89 955.0
90 760.0
91 754.0
92 957.0
93 859.0
94 822.0
95 791.0
96 584.0
97 1095.0
98 474.0
99 929.0
100 857.0
101 952.0
102 1026.0
103 999.0
104 820.0
105 1440.0
106 1204.0
107 833.0
108 1065.0
109 810.0
110 791.0
111 1255.0
112 831.0
113 1042.0
114 881.0
115 860.0
116 840.0
117 1027.0
118 824.0
119 909.0
120 1101.0
Average 372.8181818181818
