0 10.0
1 49.0
2 62.0
3 37.0
4 44.0
5 34.0
6 32.0
7 28.0
8 33.0
9 26.0
10 32.0
11 28.0
12 25.0
13 22.0
14 3.0
15 24.0
16 26.0
17 24.0
18 24.0
19 24.0
20 24.0
21 24.0
22 24.0
23 35.0
24 24.0
25 65.0
26 28.0
27 33.0
28 35.0
29 26.0
30 24.0
31 24.0
32 24.0
33 25.0
34 23.0
35 16.0
36 9.0
37 24.0
38 33.0
39 25.0
40 24.0
41 24.0
42 24.0
43 24.0
44 25.0
45 24.0
46 60.0
47 50.0
48 98.0
49 100.0
50 67.0
51 113.0
52 110.0
53 128.0
54 36.0
55 107.0
56 128.0
57 203.0
58 119.0
59 121.0
60 102.0
61 204.0
62 119.0
63 85.0
64 71.0
65 47.0
66 56.0
67 21.0
68 54.0
69 43.0
70 48.0
71 55.0
72 120.0
73 146.0
74 102.0
75 85.0
76 200.0
77 230.0
78 142.0
79 296.0
80 184.0
81 8.0
82 103.0
83 187.0
84 176.0
85 199.0
86 136.0
87 210.0
88 146.0
89 347.0
90 377.0
91 730.0
92 625.0
93 756.0
94 855.0
95 551.0
96 1035.0
97 731.0
98 653.0
99 551.0
100 1001.0
101 758.0
102 719.0
103 1418.0
104 958.0
105 751.0
106 734.0
107 833.0
108 874.0
109 800.0
110 436.0
111 918.0
112 765.0
113 1442.0
114 749.0
115 922.0
116 641.0
117 889.0
118 830.0
119 610.0
120 1212.0
Average 262.504132231405
