0 1.0
1 11.0
2 1.0
3 12.0
4 12.0
5 12.0
6 13.0
7 37.0
8 66.0
9 50.0
10 20.0
11 43.0
12 29.0
13 17.0
14 17.0
15 6.0
16 11.0
17 12.0
18 47.0
19 30.0
20 24.0
21 37.0
22 11.0
23 1.0
24 12.0
25 17.0
26 12.0
27 12.0
28 12.0
29 12.0
30 13.0
31 12.0
32 12.0
33 12.0
34 12.0
35 1.0
36 11.0
37 17.0
38 14.0
39 86.0
40 71.0
41 65.0
42 34.0
43 28.0
44 16.0
45 24.0
46 33.0
47 26.0
48 23.0
49 15.0
50 12.0
51 0.0
52 15.0
53 12.0
54 12.0
55 12.0
56 12.0
57 12.0
58 13.0
59 9.0
60 4.0
61 12.0
62 20.0
63 57.0
64 26.0
65 67.0
66 107.0
67 118.0
68 16.0
69 93.0
70 77.0
71 100.0
72 132.0
73 89.0
74 720.0
75 2431.0
76 1418.0
77 438.0
78 819.0
79 858.0
80 902.0
81 978.0
82 716.0
83 862.0
84 1157.0
85 797.0
86 866.0
87 735.0
88 990.0
89 884.0
90 836.0
91 712.0
92 897.0
93 1010.0
94 837.0
95 700.0
96 605.0
97 1046.0
98 639.0
99 852.0
100 760.0
101 882.0
102 1173.0
103 815.0
104 996.0
105 1081.0
106 1324.0
107 1152.0
108 864.0
109 885.0
110 886.0
111 872.0
112 1264.0
113 952.0
114 883.0
115 899.0
116 750.0
117 1116.0
118 762.0
119 884.0
120 1124.0
Average 381.6363636363636
