0 891.0
1 931.0
2 732.0
3 593.0
4 668.0
5 653.0
6 626.0
7 835.0
8 831.0
9 841.0
10 776.0
11 894.0
12 733.0
13 728.0
14 842.0
15 1012.0
16 1116.0
17 812.0
18 680.0
19 794.0
20 719.0
21 655.0
22 930.0
23 722.0
24 797.0
25 764.0
26 714.0
27 929.0
28 1142.0
29 470.0
30 800.0
31 964.0
32 659.0
33 879.0
34 869.0
35 696.0
36 777.0
37 964.0
38 720.0
39 804.0
40 727.0
41 709.0
42 807.0
43 649.0
44 729.0
45 901.0
46 966.0
47 976.0
48 793.0
49 982.0
50 911.0
51 869.0
52 808.0
53 794.0
54 919.0
55 871.0
56 693.0
57 819.0
58 616.0
59 781.0
60 828.0
61 646.0
62 522.0
63 676.0
64 814.0
65 1007.0
66 840.0
67 717.0
68 798.0
69 754.0
70 612.0
71 1322.0
72 1126.0
73 822.0
74 1030.0
75 719.0
76 736.0
77 1199.0
78 624.0
79 617.0
80 967.0
81 593.0
82 582.0
83 367.0
84 702.0
85 1113.0
86 774.0
87 839.0
88 992.0
89 834.0
90 717.0
91 800.0
92 924.0
93 799.0
94 716.0
95 697.0
96 926.0
97 809.0
98 765.0
99 588.0
100 586.0
101 636.0
102 618.0
103 667.0
104 762.0
105 817.0
106 591.0
107 981.0
108 754.0
109 845.0
110 541.0
111 770.0
112 825.0
113 686.0
114 692.0
115 788.0
116 602.0
117 644.0
118 700.0
119 782.0
120 672.0
Average 786.396694214876
