0 0.0
1 0.0
2 0.0
3 0.0
4 0.0
5 0.0
6 1.0
7 98.0
8 411.0
9 327.0
10 742.0
11 139.0
12 82.0
13 0.0
14 0.0
15 0.0
16 228.0
17 372.0
18 0.0
19 0.0
20 0.0
21 0.0
22 0.0
23 0.0
24 0.0
25 0.0
26 0.0
27 0.0
28 0.0
29 0.0
30 0.0
31 0.0
32 0.0
33 0.0
34 0.0
35 0.0
36 0.0
37 0.0
38 0.0
39 0.0
40 0.0
41 0.0
42 0.0
43 0.0
44 0.0
45 0.0
46 1.0
47 87.0
48 385.0
49 143.0
50 382.0
51 355.0
52 447.0
53 0.0
54 0.0
55 0.0
56 132.0
57 24.0
58 318.0
59 126.0
60 0.0
61 0.0
62 0.0
63 0.0
64 0.0
65 0.0
66 0.0
67 0.0
68 0.0
69 0.0
70 0.0
71 0.0
72 0.0
73 0.0
74 0.0
75 0.0
76 0.0
77 0.0
78 0.0
79 0.0
80 0.0
81 260.0
82 440.0
83 0.0
84 0.0
85 0.0
86 0.0
87 38.0
88 181.0
89 73.0
90 271.0
91 275.0
92 544.0
93 785.0
94 786.0
95 617.0
96 1077.0
97 621.0
98 658.0
99 538.0
100 994.0
101 725.0
102 828.0
103 1436.0
104 758.0
105 995.0
106 649.0
107 917.0
108 900.0
109 654.0
110 501.0
111 954.0
112 713.0
113 1399.0
114 754.0
115 862.0
116 698.0
117 961.0
118 781.0
119 627.0
120 1180.0
Average 250.0
