0 8.0
1 8.0
2 8.0
3 8.0
4 8.0
5 8.0
6 8.0
7 8.0
8 8.0
9 8.0
10 9.0
11 16.0
12 9.0
13 23.0
14 36.0
15 19.0
16 8.0
17 21.0
18 12.0
19 14.0
20 17.0
21 51.0
22 30.0
23 36.0
24 10.0
25 12.0
26 43.0
27 14.0
28 26.0
29 39.0
30 63.0
31 11.0
32 10.0
33 13.0
34 12.0
35 11.0
36 9.0
37 15.0
38 15.0
39 16.0
40 25.0
41 2.0
42 16.0
43 17.0
44 38.0
45 12.0
46 13.0
47 19.0
48 28.0
49 8.0
50 10.0
51 15.0
52 11.0
53 10.0
54 10.0
55 17.0
56 15.0
57 10.0
58 13.0
59 16.0
60 18.0
61 10.0
62 26.0
63 25.0
64 48.0
65 72.0
66 10.0
67 8.0
68 57.0
69 107.0
70 966.0
71 1050.0
72 1119.0
73 1757.0
74 1869.0
75 1295.0
76 1178.0
77 1448.0
78 1020.0
79 1527.0
80 1040.0
81 1362.0
82 1096.0
83 1417.0
84 1571.0
85 1351.0
86 1628.0
87 1868.0
88 1573.0
89 1333.0
90 795.0
91 1098.0
92 1500.0
93 1322.0
94 939.0
95 755.0
96 700.0
97 1086.0
98 1111.0
99 540.0
100 1000.0
101 1119.0
102 972.0
103 904.0
104 902.0
105 894.0
106 990.0
107 1188.0
108 973.0
109 866.0
110 818.0
111 954.0
112 917.0
113 1302.0
114 695.0
115 880.0
116 1220.0
117 915.0
118 955.0
119 1011.0
120 617.0
Average 485.88429752066116
