0 16.0
1 16.0
2 16.0
3 17.0
4 16.0
5 16.0
6 17.0
7 17.0
8 16.0
9 22.0
10 19.0
11 18.0
12 35.0
13 29.0
14 26.0
15 17.0
16 17.0
17 20.0
18 37.0
19 16.0
20 28.0
21 25.0
22 26.0
23 16.0
24 16.0
25 21.0
26 16.0
27 0.0
28 16.0
29 16.0
30 16.0
31 17.0
32 7.0
33 15.0
34 17.0
35 18.0
36 16.0
37 17.0
38 19.0
39 16.0
40 16.0
41 16.0
42 16.0
43 16.0
44 16.0
45 16.0
46 16.0
47 16.0
48 16.0
49 28.0
50 16.0
51 16.0
52 16.0
53 16.0
54 17.0
55 20.0
56 20.0
57 18.0
58 27.0
59 35.0
60 28.0
61 33.0
62 18.0
63 32.0
64 4.0
65 32.0
66 22.0
67 23.0
68 22.0
69 28.0
70 24.0
71 20.0
72 23.0
73 28.0
74 30.0
75 34.0
76 141.0
77 64.0
78 81.0
79 84.0
80 103.0
81 156.0
82 106.0
83 139.0
84 1575.0
85 1726.0
86 711.0
87 0.0
88 0.0
89 84.0
90 348.0
91 630.0
92 732.0
93 108.0
94 0.0
95 2.0
96 35.0
97 22.0
98 187.0
99 229.0
100 840.0
101 1021.0
102 811.0
103 854.0
104 1135.0
105 1104.0
106 923.0
107 902.0
108 752.0
109 775.0
110 804.0
111 1470.0
112 825.0
113 965.0
114 899.0
115 933.0
116 620.0
117 1236.0
118 717.0
119 1275.0
120 899.0
Average 235.8512396694215
