0 6.0
1 9.0
2 12.0
3 1.0
4 16.0
5 16.0
6 19.0
7 1.0
8 9.0
9 8.0
10 8.0
11 1.0
12 11.0
13 8.0
14 8.0
15 9.0
16 20.0
17 12.0
18 30.0
19 8.0
20 15.0
21 1.0
22 16.0
23 35.0
24 51.0
25 32.0
26 22.0
27 28.0
28 20.0
29 21.0
30 22.0
31 43.0
32 55.0
33 12.0
34 7.0
35 9.0
36 12.0
37 13.0
38 9.0
39 17.0
40 29.0
41 37.0
42 42.0
43 31.0
44 42.0
45 45.0
46 33.0
47 17.0
48 18.0
49 20.0
50 19.0
51 3.0
52 13.0
53 17.0
54 0.0
55 27.0
56 31.0
57 64.0
58 79.0
59 38.0
60 638.0
61 1368.0
62 2088.0
63 551.0
64 759.0
65 993.0
66 878.0
67 1053.0
68 1012.0
69 901.0
70 835.0
71 916.0
72 818.0
73 809.0
74 1010.0
75 1193.0
76 673.0
77 599.0
78 1040.0
79 993.0
80 1019.0
81 1105.0
82 1136.0
83 815.0
84 926.0
85 871.0
86 819.0
87 929.0
88 1207.0
89 968.0
90 866.0
91 702.0
92 1084.0
93 676.0
94 974.0
95 746.0
96 720.0
97 1120.0
98 1083.0
99 527.0
100 1000.0
101 1054.0
102 982.0
103 949.0
104 885.0
105 1024.0
106 882.0
107 1207.0
108 943.0
109 887.0
110 755.0
111 1036.0
112 973.0
113 1189.0
114 683.0
115 928.0
116 1086.0
117 1044.0
118 917.0
119 1026.0
120 647.0
Average 485.73553719008265
