0 1.0
1 8.0
2 10.0
3 16.0
4 8.0
5 4.0
6 5.0
7 4.0
8 4.0
9 4.0
10 4.0
11 4.0
12 4.0
13 5.0
14 5.0
15 4.0
16 4.0
17 5.0
18 4.0
19 4.0
20 5.0
21 4.0
22 1.0
23 5.0
24 4.0
25 5.0
26 7.0
27 7.0
28 7.0
29 7.0
30 6.0
31 7.0
32 6.0
33 5.0
34 3.0
35 9.0
36 6.0
37 4.0
38 13.0
39 7.0
40 25.0
41 0.0
42 17.0
43 24.0
44 13.0
45 27.0
46 27.0
47 130.0
48 48.0
49 26.0
50 37.0
51 59.0
52 18.0
53 28.0
54 22.0
55 89.0
56 8.0
57 17.0
58 44.0
59 9.0
60 6.0
61 4.0
62 7.0
63 8.0
64 5.0
65 6.0
66 9.0
67 5.0
68 4.0
69 110.0
70 2.0
71 10.0
72 2.0
73 4.0
74 5.0
75 9.0
76 8.0
77 8.0
78 16.0
79 6.0
80 4.0
81 38.0
82 20.0
83 26.0
84 12.0
85 13.0
86 19.0
87 10.0
88 14.0
89 10.0
90 31.0
91 10.0
92 64.0
93 42.0
94 9.0
95 7.0
96 22.0
97 56.0
98 25.0
99 8.0
100 5.0
101 10.0
102 8.0
103 7.0
104 7.0
105 9.0
106 6.0
107 4.0
108 4.0
109 4.0
110 8.0
111 4.0
112 9.0
113 6.0
114 10.0
115 12.0
116 16.0
117 9.0
118 14.0
119 13.0
120 5.0
Average 14.355371900826446
