0 24.0
1 24.0
2 24.0
3 24.0
4 1.0
5 11.0
6 13.0
7 24.0
8 24.0
9 24.0
10 24.0
11 24.0
12 24.0
13 25.0
14 32.0
15 24.0
16 25.0
17 24.0
18 24.0
19 24.0
20 24.0
21 24.0
22 24.0
23 24.0
24 24.0
25 24.0
26 24.0
27 24.0
28 24.0
29 24.0
30 24.0
31 0.0
32 24.0
33 24.0
34 24.0
35 24.0
36 24.0
37 24.0
38 24.0
39 25.0
40 24.0
41 24.0
42 24.0
43 24.0
44 24.0
45 25.0
46 24.0
47 24.0
48 24.0
49 1.0
50 23.0
51 24.0
52 0.0
53 24.0
54 6.0
55 18.0
56 24.0
57 25.0
58 24.0
59 24.0
60 24.0
61 24.0
62 24.0
63 24.0
64 24.0
65 24.0
66 54.0
67 66.0
68 83.0
69 97.0
70 203.0
71 124.0
72 235.0
73 1.0
74 159.0
75 166.0
76 139.0
77 6.0
78 201.0
79 127.0
80 143.0
81 96.0
82 104.0
83 78.0
84 50.0
85 51.0
86 157.0
87 132.0
88 136.0
89 115.0
90 206.0
91 185.0
92 281.0
93 174.0
94 27.0
95 218.0
96 206.0
97 1539.0
98 2211.0
99 1812.0
100 2074.0
101 1837.0
102 1826.0
103 1652.0
104 1637.0
105 1961.0
106 2252.0
107 1676.0
108 2027.0
109 1995.0
110 1605.0
111 1483.0
112 1896.0
113 1876.0
114 2713.0
115 3292.0
116 2052.0
117 1679.0
118 2655.0
119 2394.0
120 1776.0
Average 441.27272727272725
