0 67.0
1 41.0
2 12.0
3 24.0
4 22.0
5 24.0
6 16.0
7 1.0
8 15.0
9 16.0
10 16.0
11 18.0
12 20.0
13 18.0
14 17.0
15 20.0
16 18.0
17 19.0
18 19.0
19 21.0
20 26.0
21 26.0
22 63.0
23 51.0
24 62.0
25 49.0
26 33.0
27 37.0
28 27.0
29 62.0
30 28.0
31 18.0
32 22.0
33 28.0
34 24.0
35 23.0
36 16.0
37 19.0
38 20.0
39 24.0
40 16.0
41 25.0
42 9.0
43 15.0
44 20.0
45 20.0
46 28.0
47 21.0
48 17.0
49 28.0
50 30.0
51 62.0
52 37.0
53 48.0
54 61.0
55 133.0
56 200.0
57 257.0
58 161.0
59 740.0
60 2275.0
61 1020.0
62 161.0
63 0.0
64 0.0
65 0.0
66 0.0
67 0.0
68 0.0
69 0.0
70 0.0
71 65.0
72 0.0
73 0.0
74 118.0
75 147.0
76 728.0
77 752.0
78 841.0
79 573.0
80 1273.0
81 1266.0
82 799.0
83 721.0
84 695.0
85 578.0
86 694.0
87 484.0
88 664.0
89 770.0
90 1184.0
91 572.0
92 710.0
93 1152.0
94 838.0
95 836.0
96 674.0
97 696.0
98 753.0
99 474.0
100 1115.0
101 475.0
102 775.0
103 1094.0
104 1335.0
105 1166.0
106 804.0
107 785.0
108 740.0
109 755.0
110 913.0
111 759.0
112 771.0
113 1290.0
114 1011.0
115 600.0
116 1248.0
117 1531.0
118 950.0
119 924.0
120 1278.0
Average 378.8595041322314
