0 178.0
1 0.0
2 20.0
3 0.0
4 23.0
5 0.0
6 0.0
7 2.0
8 3.0
9 0.0
10 0.0
11 42.0
12 208.0
13 350.0
14 2.0
15 117.0
16 55.0
17 426.0
18 0.0
19 0.0
20 0.0
21 0.0
22 0.0
23 0.0
24 0.0
25 0.0
26 0.0
27 0.0
28 0.0
29 0.0
30 122.0
31 11.0
32 431.0
33 38.0
34 17.0
35 233.0
36 0.0
37 0.0
38 0.0
39 36.0
40 128.0
41 136.0
42 20.0
43 0.0
44 23.0
45 0.0
46 0.0
47 2.0
48 3.0
49 0.0
50 0.0
51 12.0
52 134.0
53 107.0
54 349.0
55 2.0
56 148.0
57 0.0
58 448.0
59 0.0
60 0.0
61 0.0
62 0.0
63 0.0
64 0.0
65 0.0
66 39.0
67 584.0
68 648.0
69 797.0
70 758.0
71 816.0
72 852.0
73 977.0
74 1074.0
75 857.0
76 988.0
77 867.0
78 724.0
79 605.0
80 792.0
81 994.0
82 716.0
83 1020.0
84 790.0
85 578.0
86 785.0
87 942.0
88 1022.0
89 1179.0
90 524.0
91 786.0
92 824.0
93 952.0
94 693.0
95 729.0
96 1020.0
97 816.0
98 775.0
99 641.0
100 988.0
101 1295.0
102 808.0
103 562.0
104 953.0
105 976.0
106 848.0
107 836.0
108 935.0
109 714.0
110 968.0
111 1170.0
112 774.0
113 984.0
114 720.0
115 1002.0
116 851.0
117 1038.0
118 1238.0
119 573.0
120 973.0
Average 414.8429752066116
