0 0.0
1 0.0
2 0.0
3 0.0
4 0.0
5 0.0
6 0.0
7 0.0
8 6.0
9 555.0
10 63.0
11 145.0
12 497.0
13 67.0
14 30.0
15 221.0
16 216.0
17 0.0
18 0.0
19 48.0
20 55.0
21 51.0
22 446.0
23 0.0
24 0.0
25 0.0
26 0.0
27 0.0
28 0.0
29 0.0
30 0.0
31 0.0
32 0.0
33 0.0
34 0.0
35 0.0
36 0.0
37 0.0
38 0.0
39 0.0
40 0.0
41 0.0
42 0.0
43 0.0
44 0.0
45 0.0
46 0.0
47 0.0
48 0.0
49 0.0
50 201.0
51 461.0
52 127.0
53 325.0
54 231.0
55 107.0
56 348.0
57 0.0
58 0.0
59 9.0
60 71.0
61 70.0
62 6.0
63 273.0
64 171.0
65 0.0
66 0.0
67 0.0
68 0.0
69 0.0
70 0.0
71 0.0
72 0.0
73 0.0
74 0.0
75 0.0
76 0.0
77 0.0
78 0.0
79 0.0
80 0.0
81 0.0
82 0.0
83 0.0
84 0.0
85 0.0
86 0.0
87 0.0
88 0.0
89 84.0
90 394.0
91 665.0
92 708.0
93 51.0
94 0.0
95 2.0
96 57.0
97 0.0
98 219.0
99 199.0
100 1083.0
101 820.0
102 848.0
103 835.0
104 1375.0
105 864.0
106 895.0
107 985.0
108 626.0
109 805.0
110 1073.0
111 1271.0
112 775.0
113 1025.0
114 1029.0
115 708.0
116 756.0
117 1174.0
118 811.0
119 1186.0
120 1054.0
Average 224.60330578512398
