0 65.0
1 71.0
2 88.0
3 75.0
4 89.0
5 105.0
6 70.0
7 58.0
8 39.0
9 36.0
10 31.0
11 5.0
12 36.0
13 36.0
14 36.0
15 36.0
16 36.0
17 36.0
18 36.0
19 36.0
20 36.0
21 36.0
22 36.0
23 36.0
24 1.0
25 35.0
26 36.0
27 36.0
28 33.0
29 5.0
30 34.0
31 36.0
32 36.0
33 36.0
34 36.0
35 36.0
36 36.0
37 55.0
38 71.0
39 128.0
40 115.0
41 104.0
42 77.0
43 26.0
44 117.0
45 82.0
46 124.0
47 57.0
48 90.0
49 129.0
50 128.0
51 154.0
52 87.0
53 44.0
54 35.0
55 29.0
56 35.0
57 51.0
58 57.0
59 47.0
60 63.0
61 64.0
62 49.0
63 10.0
64 75.0
65 85.0
66 90.0
67 78.0
68 76.0
69 54.0
70 80.0
71 152.0
72 143.0
73 169.0
74 105.0
75 189.0
76 347.0
77 52.0
78 114.0
79 221.0
80 173.0
81 185.0
82 139.0
83 112.0
84 121.0
85 53.0
86 78.0
87 102.0
88 31.0
89 120.0
90 96.0
91 119.0
92 186.0
93 183.0
94 196.0
95 216.0
96 167.0
97 194.0
98 191.0
99 319.0
100 11.0
101 171.0
102 190.0
103 202.0
104 234.0
105 268.0
106 247.0
107 218.0
108 44.0
109 167.0
110 188.0
111 198.0
112 349.0
113 864.0
114 432.0
115 355.0
116 366.0
117 358.0
118 1906.0
119 2245.0
120 2322.0
Average 164.74380165289256
