0 12.0
1 12.0
2 12.0
3 12.0
4 12.0
5 13.0
6 12.0
7 12.0
8 12.0
9 12.0
10 12.0
11 12.0
12 13.0
13 13.0
14 12.0
15 12.0
16 12.0
17 12.0
18 12.0
19 12.0
20 16.0
21 12.0
22 13.0
23 13.0
24 0.0
25 12.0
26 14.0
27 12.0
28 12.0
29 12.0
30 12.0
31 1.0
32 12.0
33 12.0
34 12.0
35 12.0
36 12.0
37 12.0
38 13.0
39 14.0
40 12.0
41 12.0
42 12.0
43 13.0
44 12.0
45 12.0
46 14.0
47 12.0
48 14.0
49 15.0
50 17.0
51 14.0
52 18.0
53 13.0
54 17.0
55 17.0
56 21.0
57 23.0
58 24.0
59 30.0
60 32.0
61 45.0
62 20.0
63 24.0
64 12.0
65 18.0
66 16.0
67 14.0
68 18.0
69 21.0
70 17.0
71 26.0
72 26.0
73 20.0
74 19.0
75 7.0
76 11.0
77 24.0
78 18.0
79 21.0
80 15.0
81 6.0
82 31.0
83 30.0
84 21.0
85 16.0
86 26.0
87 17.0
88 26.0
89 30.0
90 21.0
91 25.0
92 16.0
93 12.0
94 14.0
95 18.0
96 12.0
97 12.0
98 13.0
99 13.0
100 16.0
101 13.0
102 20.0
103 25.0
104 15.0
105 12.0
106 12.0
107 12.0
108 13.0
109 14.0
110 18.0
111 14.0
112 12.0
113 13.0
114 15.0
115 14.0
116 20.0
117 23.0
118 27.0
119 22.0
120 54.0
Average 16.198347107438018
