0 0.0
1 0.0
2 0.0
3 0.0
4 0.0
5 0.0
6 0.0
7 0.0
8 1.0
9 416.0
10 183.0
11 202.0
12 175.0
13 223.0
14 0.0
15 0.0
16 0.0
17 0.0
18 35.0
19 265.0
20 217.0
21 535.0
22 148.0
23 0.0
24 0.0
25 0.0
26 0.0
27 0.0
28 0.0
29 0.0
30 0.0
31 0.0
32 0.0
33 0.0
34 0.0
35 0.0
36 0.0
37 0.0
38 0.0
39 0.0
40 0.0
41 0.0
42 0.0
43 0.0
44 0.0
45 0.0
46 0.0
47 0.0
48 1.0
49 0.0
50 243.0
51 278.0
52 309.0
53 41.0
54 328.0
55 0.0
56 0.0
57 0.0
58 0.0
59 190.0
60 128.0
61 273.0
62 315.0
63 189.0
64 105.0
65 0.0
66 0.0
67 0.0
68 0.0
69 0.0
70 0.0
71 0.0
72 0.0
73 0.0
74 0.0
75 0.0
76 0.0
77 0.0
78 0.0
79 0.0
80 0.0
81 0.0
82 0.0
83 0.0
84 0.0
85 0.0
86 0.0
87 0.0
88 1.0
89 0.0
90 0.0
91 72.0
92 476.0
93 294.0
94 10.0
95 347.0
96 0.0
97 0.0
98 0.0
99 89.0
100 201.0
101 139.0
102 183.0
103 47.0
104 506.0
105 35.0
106 0.0
107 18.0
108 0.0
109 0.0
110 0.0
111 0.0
112 0.0
113 0.0
114 19.0
115 250.0
116 428.0
117 609.0
118 585.0
119 683.0
120 926.0
Average 88.57851239669421
