0 32.0
1 32.0
2 32.0
3 32.0
4 32.0
5 32.0
6 32.0
7 32.0
8 1.0
9 32.0
10 32.0
11 32.0
12 24.0
13 40.0
14 32.0
15 19.0
16 35.0
17 32.0
18 32.0
19 32.0
20 32.0
21 32.0
22 32.0
23 32.0
24 32.0
25 32.0
26 32.0
27 32.0
28 32.0
29 10.0
30 23.0
31 0.0
32 32.0
33 32.0
34 32.0
35 32.0
36 32.0
37 32.0
38 32.0
39 32.0
40 109.0
41 80.0
42 21.0
43 30.0
44 50.0
45 121.0
46 111.0
47 238.0
48 123.0
49 114.0
50 159.0
51 106.0
52 18.0
53 132.0
54 58.0
55 36.0
56 45.0
57 51.0
58 43.0
59 48.0
60 33.0
61 29.0
62 35.0
63 0.0
64 33.0
65 34.0
66 32.0
67 35.0
68 37.0
69 38.0
70 34.0
71 41.0
72 48.0
73 73.0
74 55.0
75 33.0
76 29.0
77 55.0
78 104.0
79 30.0
80 98.0
81 176.0
82 32.0
83 269.0
84 202.0
85 181.0
86 2.0
87 253.0
88 213.0
89 24.0
90 75.0
91 84.0
92 51.0
93 56.0
94 77.0
95 140.0
96 131.0
97 236.0
98 1330.0
99 90.0
100 200.0
101 124.0
102 69.0
103 37.0
104 101.0
105 334.0
106 241.0
107 22.0
108 0.0
109 0.0
110 0.0
111 0.0
112 0.0
113 0.0
114 31.0
115 252.0
116 480.0
117 571.0
118 591.0
119 666.0
120 993.0
Average 100.07438016528926
