0 0.0
1 0.0
2 0.0
3 0.0
4 2.0
5 13.0
6 66.0
7 50.0
8 42.0
9 0.0
10 0.0
11 0.0
12 50.0
13 399.0
14 445.0
15 474.0
16 161.0
17 355.0
18 3.0
19 0.0
20 107.0
21 51.0
22 117.0
23 0.0
24 0.0
25 0.0
26 0.0
27 0.0
28 0.0
29 0.0
30 0.0
31 65.0
32 0.0
33 0.0
34 0.0
35 0.0
36 0.0
37 0.0
38 0.0
39 0.0
40 0.0
41 0.0
42 0.0
43 0.0
44 2.0
45 11.0
46 68.0
47 50.0
48 42.0
49 0.0
50 0.0
51 0.0
52 31.0
53 275.0
54 274.0
55 424.0
56 435.0
57 73.0
58 375.0
59 0.0
60 106.0
61 8.0
62 161.0
63 0.0
64 0.0
65 0.0
66 0.0
67 0.0
68 0.0
69 0.0
70 0.0
71 65.0
72 0.0
73 0.0
74 113.0
75 104.0
76 750.0
77 738.0
78 815.0
79 656.0
80 1209.0
81 1339.0
82 709.0
83 797.0
84 676.0
85 534.0
86 680.0
87 499.0
88 695.0
89 815.0
90 1081.0
91 590.0
92 758.0
93 1182.0
94 796.0
95 833.0
96 688.0
97 677.0
98 768.0
99 451.0
100 1070.0
101 453.0
102 772.0
103 1197.0
104 1230.0
105 1213.0
106 840.0
107 795.0
108 708.0
109 817.0
110 866.0
111 681.0
112 1002.0
113 1297.0
114 812.0
115 642.0
116 1269.0
117 1428.0
118 1059.0
119 900.0
120 1325.0
Average 364.702479338843
