0 32.0
1 32.0
2 32.0
3 32.0
4 32.0
5 32.0
6 32.0
7 32.0
8 32.0
9 0.0
10 32.0
11 32.0
12 32.0
13 32.0
14 32.0
15 32.0
16 32.0
17 32.0
18 32.0
19 32.0
20 32.0
21 32.0
22 32.0
23 17.0
24 36.0
25 32.0
26 32.0
27 33.0
28 32.0
29 33.0
30 32.0
31 32.0
32 32.0
33 1.0
34 32.0
35 5.0
36 27.0
37 32.0
38 32.0
39 59.0
40 24.0
41 46.0
42 68.0
43 79.0
44 72.0
45 45.0
46 79.0
47 141.0
48 17.0
49 163.0
50 99.0
51 108.0
52 13.0
53 69.0
54 25.0
55 74.0
56 117.0
57 36.0
58 70.0
59 31.0
60 36.0
61 53.0
62 49.0
63 35.0
64 32.0
65 34.0
66 33.0
67 36.0
68 6.0
69 32.0
70 38.0
71 32.0
72 32.0
73 33.0
74 35.0
75 37.0
76 32.0
77 36.0
78 36.0
79 35.0
80 14.0
81 32.0
82 57.0
83 54.0
84 54.0
85 81.0
86 84.0
87 96.0
88 132.0
89 206.0
90 123.0
91 156.0
92 134.0
93 204.0
94 108.0
95 117.0
96 128.0
97 96.0
98 96.0
99 63.0
100 26.0
101 67.0
102 63.0
103 11.0
104 55.0
105 60.0
106 103.0
107 106.0
108 149.0
109 119.0
110 343.0
111 147.0
112 6.0
113 328.0
114 257.0
115 198.0
116 111.0
117 32.0
118 116.0
119 92.0
120 138.0
Average 64.73553719008264
