0 25.0
1 24.0
2 26.0
3 25.0
4 26.0
5 2.0
6 23.0
7 24.0
8 24.0
9 24.0
10 24.0
11 24.0
12 24.0
13 24.0
14 24.0
15 24.0
16 24.0
17 24.0
18 33.0
19 26.0
20 29.0
21 33.0
22 28.0
23 25.0
24 29.0
25 30.0
26 37.0
27 32.0
28 25.0
29 24.0
30 24.0
31 24.0
32 24.0
33 24.0
34 0.0
35 24.0
36 24.0
37 24.0
38 14.0
39 10.0
40 24.0
41 24.0
42 24.0
43 24.0
44 31.0
45 28.0
46 27.0
47 26.0
48 28.0
49 24.0
50 27.0
51 53.0
52 96.0
53 62.0
54 235.0
55 146.0
56 203.0
57 286.0
58 172.0
59 174.0
60 19.0
61 146.0
62 196.0
63 199.0
64 123.0
65 249.0
66 1337.0
67 1451.0
68 234.0
69 502.0
70 785.0
71 1069.0
72 881.0
73 827.0
74 694.0
75 919.0
76 952.0
77 780.0
78 666.0
79 1206.0
80 1155.0
81 879.0
82 818.0
83 957.0
84 828.0
85 876.0
86 802.0
87 924.0
88 972.0
89 995.0
90 983.0
91 1145.0
92 1123.0
93 897.0
94 908.0
95 848.0
96 954.0
97 895.0
98 792.0
99 1459.0
100 1094.0
101 807.0
102 943.0
103 1292.0
104 752.0
105 925.0
106 1000.0
107 799.0
108 900.0
109 1326.0
110 1312.0
111 1064.0
112 687.0
113 995.0
114 901.0
115 969.0
116 1115.0
117 1051.0
118 907.0
119 1085.0
120 1400.0
Average 466.45454545454544
