0 0.0
1 0.0
2 166.0
3 493.0
4 71.0
5 0.0
6 0.0
7 0.0
8 0.0
9 0.0
10 0.0
11 9.0
12 8.0
13 267.0
14 7.0
15 114.0
16 0.0
17 0.0
18 0.0
19 0.0
20 12.0
21 51.0
22 544.0
23 383.0
24 210.0
25 0.0
26 0.0
27 0.0
28 0.0
29 0.0
30 0.0
31 0.0
32 29.0
33 0.0
34 0.0
35 36.0
36 0.0
37 0.0
38 0.0
39 0.0
40 0.0
41 0.0
42 39.0
43 455.0
44 236.0
45 0.0
46 0.0
47 0.0
48 0.0
49 0.0
50 0.0
51 9.0
52 9.0
53 57.0
54 215.0
55 115.0
56 0.0
57 53.0
58 229.0
59 600.0
60 388.0
61 30.0
62 282.0
63 132.0
64 231.0
65 754.0
66 692.0
67 739.0
68 462.0
69 916.0
70 1159.0
71 1261.0
72 468.0
73 496.0
74 727.0
75 1015.0
76 955.0
77 658.0
78 784.0
79 1136.0
80 734.0
81 1011.0
82 1137.0
83 525.0
84 1041.0
85 517.0
86 925.0
87 1080.0
88 1068.0
89 841.0
90 758.0
91 908.0
92 1052.0
93 1124.0
94 867.0
95 1083.0
96 479.0
97 868.0
98 1425.0
99 1348.0
100 719.0
101 779.0
102 1076.0
103 849.0
104 820.0
105 873.0
106 1116.0
107 725.0
108 1114.0
109 601.0
110 1114.0
111 965.0
112 887.0
113 904.0
114 1112.0
115 912.0
116 1201.0
117 906.0
118 729.0
119 953.0
120 1068.0
Average 462.11570247933884
