0 8.0
1 8.0
2 9.0
3 0.0
4 8.0
5 9.0
6 8.0
7 8.0
8 8.0
9 8.0
10 9.0
11 8.0
12 8.0
13 10.0
14 54.0
15 51.0
16 147.0
17 119.0
18 37.0
19 3.0
20 34.0
21 17.0
22 8.0
23 1.0
24 12.0
25 16.0
26 11.0
27 25.0
28 23.0
29 17.0
30 21.0
31 9.0
32 19.0
33 8.0
34 38.0
35 32.0
36 14.0
37 16.0
38 28.0
39 15.0
40 42.0
41 23.0
42 22.0
43 27.0
44 17.0
45 36.0
46 25.0
47 16.0
48 20.0
49 29.0
50 8.0
51 12.0
52 9.0
53 9.0
54 9.0
55 8.0
56 9.0
57 15.0
58 10.0
59 11.0
60 92.0
61 76.0
62 43.0
63 53.0
64 354.0
65 1242.0
66 1812.0
67 1140.0
68 871.0
69 904.0
70 818.0
71 849.0
72 752.0
73 997.0
74 945.0
75 1103.0
76 824.0
77 993.0
78 758.0
79 549.0
80 831.0
81 856.0
82 853.0
83 903.0
84 899.0
85 543.0
86 777.0
87 953.0
88 1203.0
89 1018.0
90 498.0
91 850.0
92 798.0
93 852.0
94 788.0
95 775.0
96 897.0
97 929.0
98 803.0
99 591.0
100 804.0
101 1376.0
102 931.0
103 527.0
104 957.0
105 915.0
106 1059.0
107 547.0
108 1034.0
109 736.0
110 968.0
111 1214.0
112 904.0
113 796.0
114 759.0
115 983.0
116 863.0
117 865.0
118 1228.0
119 731.0
120 925.0
Average 431.0330578512397
