0 23.0
1 1.0
2 23.0
3 2.0
4 24.0
5 24.0
6 25.0
7 24.0
8 24.0
9 24.0
10 25.0
11 28.0
12 24.0
13 26.0
14 26.0
15 24.0
16 32.0
17 32.0
18 26.0
19 25.0
20 1.0
21 24.0
22 24.0
23 24.0
24 24.0
25 24.0
26 24.0
27 24.0
28 24.0
29 24.0
30 24.0
31 1.0
32 24.0
33 24.0
34 24.0
35 24.0
36 24.0
37 1.0
38 23.0
39 27.0
40 25.0
41 24.0
42 24.0
43 24.0
44 24.0
45 43.0
46 24.0
47 24.0
48 33.0
49 26.0
50 24.0
51 1.0
52 23.0
53 34.0
54 36.0
55 32.0
56 28.0
57 24.0
58 24.0
59 1.0
60 24.0
61 24.0
62 1.0
63 24.0
64 24.0
65 24.0
66 24.0
67 2.0
68 22.0
69 24.0
70 24.0
71 25.0
72 79.0
73 95.0
74 57.0
75 54.0
76 44.0
77 32.0
78 69.0
79 55.0
80 34.0
81 21.0
82 48.0
83 79.0
84 110.0
85 60.0
86 99.0
87 88.0
88 69.0
89 91.0
90 44.0
91 30.0
92 21.0
93 45.0
94 53.0
95 72.0
96 41.0
97 42.0
98 36.0
99 41.0
100 28.0
101 63.0
102 70.0
103 57.0
104 18.0
105 49.0
106 90.0
107 44.0
108 37.0
109 31.0
110 42.0
111 25.0
112 24.0
113 24.0
114 24.0
115 24.0
116 0.0
117 24.0
118 24.0
119 46.0
120 53.0
Average 33.231404958677686
