0 34.0
1 21.0
2 12.0
3 12.0
4 12.0
5 12.0
6 12.0
7 12.0
8 12.0
9 12.0
10 12.0
11 12.0
12 12.0
13 13.0
14 19.0
15 40.0
16 37.0
17 26.0
18 23.0
19 19.0
20 42.0
21 428.0
22 1716.0
23 516.0
24 0.0
25 0.0
26 0.0
27 0.0
28 0.0
29 0.0
30 0.0
31 3.0
32 0.0
33 0.0
34 0.0
35 0.0
36 0.0
37 0.0
38 0.0
39 0.0
40 0.0
41 0.0
42 0.0
43 0.0
44 0.0
45 0.0
46 105.0
47 248.0
48 399.0
49 0.0
50 0.0
51 130.0
52 204.0
53 26.0
54 65.0
55 0.0
56 0.0
57 2.0
58 236.0
59 224.0
60 355.0
61 378.0
62 757.0
63 1049.0
64 423.0
65 0.0
66 0.0
67 0.0
68 102.0
69 668.0
70 670.0
71 934.0
72 911.0
73 1103.0
74 757.0
75 776.0
76 859.0
77 924.0
78 741.0
79 1004.0
80 937.0
81 1029.0
82 915.0
83 859.0
84 1223.0
85 838.0
86 838.0
87 1134.0
88 852.0
89 811.0
90 1199.0
91 881.0
92 1192.0
93 790.0
94 707.0
95 1140.0
96 1041.0
97 898.0
98 589.0
99 872.0
100 1092.0
101 810.0
102 898.0
103 967.0
104 1113.0
105 881.0
106 983.0
107 1177.0
108 1075.0
109 1273.0
110 1065.0
111 1210.0
112 901.0
113 796.0
114 963.0
115 1112.0
116 730.0
117 925.0
118 1070.0
119 956.0
120 911.0
Average 469.1900826446281
