0 1092.0
1 725.0
2 869.0
3 957.0
4 976.0
5 848.0
6 938.0
7 938.0
8 860.0
9 1078.0
10 977.0
11 1033.0
12 1024.0
13 1025.0
14 993.0
15 1030.0
16 919.0
17 1063.0
18 1012.0
19 998.0
20 1095.0
21 985.0
22 1020.0
23 822.0
24 1031.0
25 965.0
26 967.0
27 1150.0
28 921.0
29 974.0
30 1182.0
31 1104.0
32 1115.0
33 1063.0
34 1074.0
35 1049.0
36 930.0
37 944.0
38 962.0
39 1035.0
40 1201.0
41 1112.0
42 1109.0
43 969.0
44 1132.0
45 1195.0
46 1118.0
47 1191.0
48 1071.0
49 1233.0
50 1036.0
51 1211.0
52 1105.0
53 1144.0
54 1051.0
55 1138.0
56 1140.0
57 1237.0
58 1191.0
59 1157.0
60 1157.0
61 1115.0
62 1248.0
63 1153.0
64 1222.0
65 1186.0
66 1230.0
67 1114.0
68 1209.0
69 1179.0
70 1284.0
71 1082.0
72 1228.0
73 1034.0
74 1133.0
75 860.0
76 1184.0
77 1254.0
78 1149.0
79 1302.0
80 1195.0
81 1313.0
82 1360.0
83 1286.0
84 1139.0
85 1344.0
86 1262.0
87 1365.0
88 1213.0
89 1223.0
90 1397.0
91 1287.0
92 1322.0
93 1225.0
94 1373.0
95 1307.0
96 1346.0
97 1342.0
98 1213.0
99 1383.0
100 1226.0
101 1370.0
102 1406.0
103 1348.0
104 1279.0
105 1365.0
106 1308.0
107 1248.0
108 1044.0
109 1287.0
110 1148.0
111 1039.0
112 1354.0
113 1205.0
114 1073.0
115 1182.0
116 1210.0
117 1154.0
118 1247.0
119 1288.0
120 1217.0
Average 1138.01652892562
