0 55.0
1 10.0
2 14.0
3 24.0
4 25.0
5 16.0
6 16.0
7 17.0
8 16.0
9 16.0
10 16.0
11 16.0
12 16.0
13 16.0
14 16.0
15 16.0
16 16.0
17 18.0
18 23.0
19 28.0
20 21.0
21 28.0
22 48.0
23 45.0
24 31.0
25 52.0
26 39.0
27 33.0
28 48.0
29 43.0
30 27.0
31 37.0
32 20.0
33 27.0
34 24.0
35 23.0
36 21.0
37 21.0
38 2.0
39 18.0
40 16.0
41 19.0
42 18.0
43 17.0
44 18.0
45 19.0
46 19.0
47 26.0
48 21.0
49 22.0
50 28.0
51 25.0
52 34.0
53 51.0
54 41.0
55 58.0
56 83.0
57 99.0
58 164.0
59 128.0
60 170.0
61 191.0
62 177.0
63 110.0
64 137.0
65 81.0
66 56.0
67 198.0
68 186.0
69 182.0
70 214.0
71 112.0
72 1407.0
73 1256.0
74 199.0
75 129.0
76 771.0
77 714.0
78 829.0
79 603.0
80 1187.0
81 1173.0
82 908.0
83 776.0
84 701.0
85 585.0
86 692.0
87 457.0
88 693.0
89 778.0
90 1090.0
91 664.0
92 707.0
93 1155.0
94 832.0
95 744.0
96 780.0
97 692.0
98 729.0
99 466.0
100 1084.0
101 447.0
102 807.0
103 1121.0
104 1467.0
105 1056.0
106 794.0
107 806.0
108 674.0
109 782.0
110 946.0
111 729.0
112 875.0
113 1369.0
114 832.0
115 616.0
116 1177.0
117 1532.0
118 949.0
119 971.0
120 1322.0
Average 378.43801652892563
