0 36.0
1 8.0
2 29.0
3 35.0
4 36.0
5 36.0
6 45.0
7 36.0
8 36.0
9 36.0
10 36.0
11 36.0
12 36.0
13 37.0
14 36.0
15 43.0
16 36.0
17 36.0
18 0.0
19 36.0
20 57.0
21 68.0
22 115.0
23 36.0
24 57.0
25 115.0
26 144.0
27 302.0
28 202.0
29 58.0
30 28.0
31 58.0
32 102.0
33 50.0
34 89.0
35 147.0
36 70.0
37 83.0
38 67.0
39 65.0
40 86.0
41 26.0
42 59.0
43 53.0
44 88.0
45 83.0
46 122.0
47 174.0
48 274.0
49 149.0
50 157.0
51 59.0
52 65.0
53 56.0
54 218.0
55 20.0
56 161.0
57 2.0
58 63.0
59 239.0
60 681.0
61 233.0
62 95.0
63 403.0
64 232.0
65 738.0
66 697.0
67 749.0
68 458.0
69 845.0
70 1190.0
71 1321.0
72 452.0
73 554.0
74 708.0
75 821.0
76 1091.0
77 673.0
78 784.0
79 908.0
80 1053.0
81 934.0
82 1134.0
83 555.0
84 1001.0
85 579.0
86 844.0
87 1089.0
88 994.0
89 962.0
90 736.0
91 901.0
92 1047.0
93 1059.0
94 1317.0
95 712.0
96 467.0
97 826.0
98 1322.0
99 1491.0
100 719.0
101 780.0
102 1061.0
103 883.0
104 880.0
105 780.0
106 1080.0
107 779.0
108 1118.0
109 589.0
110 1073.0
111 1038.0
112 869.0
113 879.0
114 1103.0
115 916.0
116 1149.0
117 980.0
118 716.0
119 963.0
120 1069.0
Average 469.5206611570248
