0 48.0
1 48.0
2 1.0
3 47.0
4 48.0
5 48.0
6 48.0
7 48.0
8 33.0
9 16.0
10 48.0
11 48.0
12 48.0
13 78.0
14 59.0
15 79.0
16 109.0
17 152.0
18 152.0
19 104.0
20 51.0
21 34.0
22 9.0
23 98.0
24 76.0
25 67.0
26 77.0
27 63.0
28 163.0
29 141.0
30 112.0
31 80.0
32 41.0
33 93.0
34 93.0
35 159.0
36 108.0
37 104.0
38 72.0
39 63.0
40 59.0
41 75.0
42 99.0
43 79.0
44 86.0
45 140.0
46 34.0
47 66.0
48 50.0
49 56.0
50 7.0
51 0.0
52 255.0
53 425.0
54 350.0
55 543.0
56 182.0
57 153.0
58 181.0
59 15.0
60 165.0
61 404.0
62 794.0
63 706.0
64 847.0
65 912.0
66 1192.0
67 725.0
68 678.0
69 640.0
70 978.0
71 741.0
72 836.0
73 1275.0
74 760.0
75 489.0
76 656.0
77 783.0
78 642.0
79 956.0
80 478.0
81 822.0
82 1235.0
83 488.0
84 604.0
85 619.0
86 1168.0
87 658.0
88 702.0
89 1052.0
90 1044.0
91 1324.0
92 917.0
93 1055.0
94 786.0
95 630.0
96 1168.0
97 848.0
98 1249.0
99 954.0
100 407.0
101 768.0
102 1185.0
103 1063.0
104 1189.0
105 889.0
106 1195.0
107 876.0
108 938.0
109 774.0
110 992.0
111 1025.0
112 979.0
113 1263.0
114 892.0
115 964.0
116 951.0
117 571.0
118 499.0
119 1328.0
120 536.0
Average 480.0413223140496
