0 0.0
1 0.0
2 0.0
3 0.0
4 0.0
5 0.0
6 62.0
7 56.0
8 152.0
9 58.0
10 0.0
11 0.0
12 2.0
13 31.0
14 25.0
15 330.0
16 212.0
17 0.0
18 0.0
19 0.0
20 2.0
21 16.0
22 433.0
23 149.0
24 0.0
25 0.0
26 0.0
27 0.0
28 73.0
29 0.0
30 345.0
31 296.0
32 42.0
33 0.0
34 0.0
35 0.0
36 0.0
37 27.0
38 89.0
39 0.0
40 0.0
41 0.0
42 0.0
43 0.0
44 0.0
45 0.0
46 62.0
47 56.0
48 152.0
49 58.0
50 0.0
51 0.0
52 2.0
53 31.0
54 25.0
55 1.0
56 261.0
57 280.0
58 0.0
59 0.0
60 2.0
61 16.0
62 182.0
63 389.0
64 811.0
65 960.0
66 904.0
67 1481.0
68 556.0
69 940.0
70 844.0
71 884.0
72 838.0
73 730.0
74 1075.0
75 1263.0
76 549.0
77 712.0
78 1027.0
79 1034.0
80 1161.0
81 977.0
82 1065.0
83 746.0
84 1026.0
85 809.0
86 829.0
87 1069.0
88 1036.0
89 956.0
90 868.0
91 719.0
92 1107.0
93 683.0
94 937.0
95 790.0
96 740.0
97 1054.0
98 1119.0
99 520.0
100 991.0
101 1125.0
102 959.0
103 898.0
104 904.0
105 1202.0
106 766.0
107 1053.0
108 1069.0
109 896.0
110 703.0
111 1308.0
112 678.0
113 1221.0
114 726.0
115 914.0
116 1211.0
117 885.0
118 906.0
119 1032.0
120 650.0
Average 469.6942148760331
