0 8.0
1 8.0
2 8.0
3 11.0
4 9.0
5 12.0
6 1.0
7 9.0
8 19.0
9 14.0
10 22.0
11 24.0
12 6.0
13 18.0
14 23.0
15 24.0
16 33.0
17 99.0
18 36.0
19 42.0
20 60.0
21 15.0
22 47.0
23 12.0
24 9.0
25 8.0
26 0.0
27 8.0
28 8.0
29 20.0
30 19.0
31 29.0
32 17.0
33 110.0
34 67.0
35 36.0
36 79.0
37 237.0
38 10.0
39 8.0
40 9.0
41 8.0
42 8.0
43 8.0
44 8.0
45 8.0
46 14.0
47 4.0
48 16.0
49 17.0
50 56.0
51 124.0
52 110.0
53 78.0
54 391.0
55 1207.0
56 1624.0
57 417.0
58 0.0
59 0.0
60 2.0
61 16.0
62 182.0
63 333.0
64 770.0
65 969.0
66 917.0
67 1212.0
68 828.0
69 953.0
70 735.0
71 969.0
72 773.0
73 849.0
74 999.0
75 1287.0
76 591.0
77 586.0
78 1052.0
79 948.0
80 1283.0
81 862.0
82 1163.0
83 805.0
84 852.0
85 926.0
86 926.0
87 842.0
88 1120.0
89 1021.0
90 907.0
91 621.0
92 1006.0
93 838.0
94 936.0
95 754.0
96 722.0
97 988.0
98 1236.0
99 520.0
100 1005.0
101 877.0
102 1147.0
103 973.0
104 897.0
105 1262.0
106 663.0
107 1154.0
108 939.0
109 906.0
110 757.0
111 1272.0
112 735.0
113 1153.0
114 765.0
115 883.0
116 1265.0
117 850.0
118 953.0
119 1004.0
120 614.0
Average 485.1652892561983
