0 1.0
1 32.0
2 32.0
3 32.0
4 32.0
5 32.0
6 32.0
7 32.0
8 33.0
9 32.0
10 32.0
11 32.0
12 32.0
13 32.0
14 32.0
15 0.0
16 32.0
17 32.0
18 32.0
19 44.0
20 32.0
21 32.0
22 32.0
23 32.0
24 32.0
25 32.0
26 20.0
27 12.0
28 32.0
29 32.0
30 32.0
31 32.0
32 32.0
33 32.0
34 32.0
35 32.0
36 32.0
37 32.0
38 32.0
39 0.0
40 32.0
41 32.0
42 67.0
43 56.0
44 39.0
45 35.0
46 78.0
47 121.0
48 85.0
49 108.0
50 69.0
51 120.0
52 158.0
53 97.0
54 88.0
55 83.0
56 85.0
57 115.0
58 17.0
59 29.0
60 46.0
61 33.0
62 32.0
63 1.0
64 33.0
65 40.0
66 38.0
67 39.0
68 39.0
69 35.0
70 0.0
71 32.0
72 33.0
73 36.0
74 33.0
75 33.0
76 41.0
77 35.0
78 39.0
79 35.0
80 38.0
81 44.0
82 26.0
83 44.0
84 30.0
85 53.0
86 107.0
87 107.0
88 107.0
89 184.0
90 213.0
91 206.0
92 18.0
93 186.0
94 138.0
95 123.0
96 173.0
97 70.0
98 70.0
99 93.0
100 74.0
101 70.0
102 72.0
103 117.0
104 110.0
105 58.0
106 401.0
107 294.0
108 150.0
109 342.0
110 357.0
111 161.0
112 319.0
113 466.0
114 323.0
115 365.0
116 443.0
117 567.0
118 710.0
119 468.0
120 268.0
Average 95.02479338842976
