0 0.0
1 0.0
2 0.0
3 0.0
4 0.0
5 0.0
6 0.0
7 80.0
8 163.0
9 67.0
10 200.0
11 675.0
12 336.0
13 376.0
14 146.0
15 0.0
16 0.0
17 0.0
18 0.0
19 0.0
20 0.0
21 0.0
22 4.0
23 136.0
24 45.0
25 35.0
26 137.0
27 0.0
28 0.0
29 0.0
30 0.0
31 0.0
32 0.0
33 0.0
34 0.0
35 0.0
36 0.0
37 0.0
38 0.0
39 0.0
40 0.0
41 0.0
42 0.0
43 0.0
44 0.0
45 0.0
46 0.0
47 4.0
48 239.0
49 67.0
50 226.0
51 218.0
52 554.0
53 247.0
54 103.0
55 342.0
56 43.0
57 0.0
58 0.0
59 0.0
60 0.0
61 0.0
62 2.0
63 26.0
64 157.0
65 35.0
66 137.0
67 0.0
68 0.0
69 0.0
70 0.0
71 0.0
72 0.0
73 0.0
74 0.0
75 0.0
76 62.0
77 410.0
78 720.0
79 928.0
80 1005.0
81 758.0
82 783.0
83 1022.0
84 973.0
85 826.0
86 896.0
87 735.0
88 1027.0
89 842.0
90 814.0
91 725.0
92 944.0
93 902.0
94 774.0
95 692.0
96 692.0
97 1061.0
98 638.0
99 894.0
100 757.0
101 940.0
102 1108.0
103 998.0
104 822.0
105 1416.0
106 1209.0
107 851.0
108 999.0
109 787.0
110 854.0
111 1064.0
112 1048.0
113 1183.0
114 690.0
115 910.0
116 775.0
117 1066.0
118 741.0
119 1100.0
120 1068.0
Average 366.1900826446281
