0 125.0
1 52.0
2 48.0
3 177.0
4 69.0
5 2.0
6 36.0
7 14.0
8 12.0
9 12.0
10 12.0
11 12.0
12 12.0
13 13.0
14 15.0
15 17.0
16 14.0
17 15.0
18 20.0
19 20.0
20 12.0
21 15.0
22 17.0
23 17.0
24 16.0
25 18.0
26 25.0
27 19.0
28 24.0
29 35.0
30 16.0
31 1.0
32 30.0
33 38.0
34 25.0
35 20.0
36 20.0
37 14.0
38 24.0
39 16.0
40 14.0
41 12.0
42 12.0
43 12.0
44 12.0
45 12.0
46 12.0
47 12.0
48 12.0
49 12.0
50 22.0
51 20.0
52 74.0
53 55.0
54 49.0
55 91.0
56 85.0
57 102.0
58 1299.0
59 1022.0
60 1256.0
61 959.0
62 299.0
63 53.0
64 76.0
65 76.0
66 128.0
67 824.0
68 1115.0
69 787.0
70 549.0
71 1192.0
72 818.0
73 943.0
74 764.0
75 787.0
76 816.0
77 972.0
78 732.0
79 933.0
80 951.0
81 968.0
82 1017.0
83 961.0
84 1144.0
85 808.0
86 853.0
87 1193.0
88 781.0
89 806.0
90 1183.0
91 933.0
92 932.0
93 1013.0
94 723.0
95 1091.0
96 1054.0
97 937.0
98 571.0
99 875.0
100 1119.0
101 645.0
102 1061.0
103 966.0
104 1095.0
105 833.0
106 1049.0
107 1155.0
108 1105.0
109 1242.0
110 1048.0
111 1238.0
112 868.0
113 787.0
114 1037.0
115 1070.0
116 730.0
117 945.0
118 1053.0
119 954.0
120 908.0
Average 477.8595041322314
