0 16.0
1 16.0
2 15.0
3 5.0
4 12.0
5 16.0
6 16.0
7 1.0
8 16.0
9 27.0
10 16.0
11 16.0
12 16.0
13 16.0
14 17.0
15 0.0
16 16.0
17 16.0
18 17.0
19 16.0
20 16.0
21 37.0
22 16.0
23 16.0
24 20.0
25 21.0
26 33.0
27 46.0
28 32.0
29 15.0
30 1.0
31 16.0
32 16.0
33 16.0
34 21.0
35 16.0
36 16.0
37 18.0
38 21.0
39 16.0
40 16.0
41 16.0
42 16.0
43 16.0
44 16.0
45 16.0
46 16.0
47 16.0
48 16.0
49 16.0
50 16.0
51 16.0
52 16.0
53 16.0
54 16.0
55 16.0
56 16.0
57 16.0
58 16.0
59 16.0
60 4.0
61 18.0
62 10.0
63 16.0
64 16.0
65 16.0
66 16.0
67 1.0
68 16.0
69 16.0
70 16.0
71 16.0
72 16.0
73 16.0
74 16.0
75 16.0
76 16.0
77 16.0
78 16.0
79 16.0
80 16.0
81 16.0
82 16.0
83 16.0
84 16.0
85 16.0
86 18.0
87 28.0
88 32.0
89 46.0
90 22.0
91 100.0
92 96.0
93 143.0
94 40.0
95 163.0
96 151.0
97 196.0
98 232.0
99 136.0
100 132.0
101 175.0
102 150.0
103 121.0
104 90.0
105 105.0
106 182.0
107 121.0
108 0.0
109 160.0
110 1275.0
111 1706.0
112 1992.0
113 1638.0
114 1973.0
115 2197.0
116 1653.0
117 1403.0
118 881.0
119 2178.0
120 2477.0
Average 193.48760330578511
