0 24.0
1 20.0
2 16.0
3 18.0
4 16.0
5 3.0
6 15.0
7 16.0
8 16.0
9 17.0
10 16.0
11 21.0
12 16.0
13 16.0
14 17.0
15 16.0
16 16.0
17 16.0
18 16.0
19 16.0
20 16.0
21 16.0
22 16.0
23 16.0
24 16.0
25 16.0
26 38.0
27 16.0
28 16.0
29 16.0
30 16.0
31 16.0
32 17.0
33 9.0
34 7.0
35 16.0
36 19.0
37 17.0
38 17.0
39 17.0
40 16.0
41 16.0
42 16.0
43 16.0
44 16.0
45 16.0
46 17.0
47 16.0
48 16.0
49 16.0
50 16.0
51 16.0
52 17.0
53 16.0
54 16.0
55 17.0
56 16.0
57 17.0
58 17.0
59 18.0
60 16.0
61 22.0
62 19.0
63 25.0
64 18.0
65 26.0
66 25.0
67 23.0
68 0.0
69 16.0
70 22.0
71 23.0
72 14.0
73 17.0
74 20.0
75 22.0
76 22.0
77 23.0
78 24.0
79 26.0
80 30.0
81 19.0
82 26.0
83 18.0
84 17.0
85 19.0
86 18.0
87 20.0
88 17.0
89 16.0
90 16.0
91 18.0
92 19.0
93 17.0
94 17.0
95 18.0
96 19.0
97 21.0
98 24.0
99 22.0
100 20.0
101 26.0
102 57.0
103 35.0
104 40.0
105 47.0
106 66.0
107 219.0
108 103.0
109 93.0
110 3.0
111 104.0
112 176.0
113 193.0
114 150.0
115 155.0
116 186.0
117 1558.0
118 2335.0
119 1987.0
120 2354.0
Average 96.59504132231405
