0 16.0
1 16.0
2 16.0
3 5.0
4 11.0
5 16.0
6 16.0
7 16.0
8 16.0
9 16.0
10 16.0
11 16.0
12 16.0
13 16.0
14 176.0
15 15.0
16 16.0
17 22.0
18 16.0
19 16.0
20 21.0
21 16.0
22 16.0
23 16.0
24 16.0
25 16.0
26 16.0
27 16.0
28 1.0
29 16.0
30 16.0
31 17.0
32 16.0
33 1.0
34 16.0
35 16.0
36 16.0
37 16.0
38 16.0
39 1.0
40 16.0
41 16.0
42 16.0
43 16.0
44 16.0
45 16.0
46 16.0
47 10.0
48 6.0
49 16.0
50 16.0
51 16.0
52 17.0
53 16.0
54 17.0
55 17.0
56 16.0
57 23.0
58 18.0
59 17.0
60 18.0
61 19.0
62 16.0
63 18.0
64 16.0
65 16.0
66 1.0
67 16.0
68 16.0
69 16.0
70 16.0
71 16.0
72 16.0
73 16.0
74 19.0
75 19.0
76 21.0
77 39.0
78 29.0
79 38.0
80 46.0
81 134.0
82 76.0
83 88.0
84 97.0
85 113.0
86 111.0
87 1094.0
88 1309.0
89 1420.0
90 72.0
91 136.0
92 59.0
93 87.0
94 121.0
95 158.0
96 115.0
97 21.0
98 1732.0
99 512.0
100 1062.0
101 909.0
102 766.0
103 885.0
104 1196.0
105 952.0
106 963.0
107 929.0
108 637.0
109 780.0
110 1117.0
111 1324.0
112 801.0
113 928.0
114 1070.0
115 683.0
116 763.0
117 1192.0
118 862.0
119 1135.0
120 1015.0
Average 238.9917355371901
