0 122.0
1 71.0
2 15.0
3 30.0
4 48.0
5 14.0
6 10.0
7 11.0
8 18.0
9 5.0
10 8.0
11 2.0
12 13.0
13 13.0
14 12.0
15 25.0
16 14.0
17 21.0
18 15.0
19 17.0
20 20.0
21 22.0
22 18.0
23 20.0
24 13.0
25 9.0
26 16.0
27 13.0
28 15.0
29 7.0
30 11.0
31 22.0
32 19.0
33 4.0
34 16.0
35 27.0
36 77.0
37 24.0
38 31.0
39 17.0
40 16.0
41 23.0
42 37.0
43 32.0
44 26.0
45 13.0
46 30.0
47 73.0
48 75.0
49 40.0
50 47.0
51 49.0
52 10.0
53 25.0
54 17.0
55 26.0
56 17.0
57 19.0
58 31.0
59 39.0
60 16.0
61 23.0
62 10.0
63 8.0
64 12.0
65 10.0
66 8.0
67 13.0
68 10.0
69 1.0
70 9.0
71 31.0
72 59.0
73 54.0
74 100.0
75 315.0
76 1440.0
77 1343.0
78 1116.0
79 1196.0
80 1687.0
81 1374.0
82 1255.0
83 1201.0
84 1237.0
85 1364.0
86 1125.0
87 1464.0
88 1735.0
89 1140.0
90 1682.0
91 2091.0
92 1112.0
93 1434.0
94 1179.0
95 1396.0
96 948.0
97 1110.0
98 896.0
99 592.0
100 802.0
101 1272.0
102 1043.0
103 525.0
104 918.0
105 1106.0
106 781.0
107 657.0
108 1052.0
109 751.0
110 871.0
111 1038.0
112 1083.0
113 804.0
114 838.0
115 916.0
116 988.0
117 966.0
118 1056.0
119 720.0
120 991.0
Average 433.91735537190084
