0 48.0
1 48.0
2 48.0
3 48.0
4 48.0
5 48.0
6 19.0
7 47.0
8 30.0
9 48.0
10 48.0
11 48.0
12 48.0
13 48.0
14 69.0
15 206.0
16 140.0
17 53.0
18 49.0
19 118.0
20 119.0
21 36.0
22 39.0
23 73.0
24 60.0
25 87.0
26 108.0
27 72.0
28 84.0
29 8.0
30 46.0
31 61.0
32 63.0
33 72.0
34 87.0
35 90.0
36 76.0
37 44.0
38 43.0
39 62.0
40 100.0
41 91.0
42 62.0
43 64.0
44 70.0
45 68.0
46 5.0
47 48.0
48 104.0
49 50.0
50 42.0
51 99.0
52 73.0
53 93.0
54 133.0
55 90.0
56 68.0
57 99.0
58 89.0
59 146.0
60 185.0
61 155.0
62 175.0
63 91.0
64 31.0
65 138.0
66 49.0
67 140.0
68 139.0
69 51.0
70 135.0
71 123.0
72 149.0
73 55.0
74 59.0
75 57.0
76 2.0
77 103.0
78 97.0
79 121.0
80 141.0
81 170.0
82 129.0
83 182.0
84 49.0
85 154.0
86 135.0
87 127.0
88 168.0
89 159.0
90 185.0
91 153.0
92 47.0
93 205.0
94 205.0
95 158.0
96 185.0
97 244.0
98 121.0
99 32.0
100 141.0
101 193.0
102 276.0
103 289.0
104 90.0
105 153.0
106 18.0
107 237.0
108 206.0
109 376.0
110 209.0
111 217.0
112 161.0
113 124.0
114 77.0
115 300.0
116 368.0
117 236.0
118 234.0
119 174.0
120 731.0
Average 115.67768595041322
