0 0.0
1 0.0
2 0.0
3 0.0
4 0.0
5 0.0
6 156.0
7 434.0
8 162.0
9 0.0
10 0.0
11 334.0
12 0.0
13 91.0
14 0.0
15 0.0
16 0.0
17 235.0
18 120.0
19 185.0
20 101.0
21 307.0
22 255.0
23 17.0
24 0.0
25 0.0
26 0.0
27 0.0
28 0.0
29 0.0
30 0.0
31 3.0
32 0.0
33 0.0
34 0.0
35 0.0
36 0.0
37 0.0
38 0.0
39 0.0
40 0.0
41 0.0
42 0.0
43 0.0
44 0.0
45 0.0
46 111.0
47 242.0
48 399.0
49 0.0
50 0.0
51 134.0
52 200.0
53 26.0
54 65.0
55 0.0
56 0.0
57 2.0
58 239.0
59 221.0
60 356.0
61 381.0
62 870.0
63 850.0
64 505.0
65 0.0
66 0.0
67 0.0
68 117.0
69 784.0
70 556.0
71 1188.0
72 844.0
73 925.0
74 743.0
75 783.0
76 825.0
77 991.0
78 691.0
79 1016.0
80 950.0
81 1081.0
82 848.0
83 983.0
84 1093.0
85 809.0
86 1005.0
87 1018.0
88 823.0
89 836.0
90 1114.0
91 979.0
92 1157.0
93 796.0
94 695.0
95 1165.0
96 1002.0
97 917.0
98 637.0
99 841.0
100 1148.0
101 740.0
102 921.0
103 1011.0
104 1072.0
105 860.0
106 1008.0
107 1143.0
108 1074.0
109 1281.0
110 1178.0
111 1121.0
112 900.0
113 736.0
114 1005.0
115 1101.0
116 729.0
117 957.0
118 1112.0
119 891.0
120 913.0
Average 463.75206611570246
