0 12.0
1 12.0
2 12.0
3 13.0
4 18.0
5 12.0
6 14.0
7 12.0
8 13.0
9 12.0
10 12.0
11 12.0
12 12.0
13 12.0
14 12.0
15 12.0
16 12.0
17 12.0
18 12.0
19 1.0
20 12.0
21 12.0
22 9.0
23 15.0
24 3.0
25 9.0
26 12.0
27 12.0
28 1.0
29 12.0
30 12.0
31 13.0
32 17.0
33 14.0
34 17.0
35 14.0
36 19.0
37 24.0
38 26.0
39 48.0
40 92.0
41 38.0
42 32.0
43 76.0
44 140.0
45 88.0
46 24.0
47 17.0
48 16.0
49 18.0
50 21.0
51 25.0
52 29.0
53 34.0
54 19.0
55 27.0
56 14.0
57 23.0
58 27.0
59 17.0
60 27.0
61 44.0
62 24.0
63 34.0
64 81.0
65 61.0
66 43.0
67 12.0
68 12.0
69 12.0
70 16.0
71 3.0
72 19.0
73 22.0
74 23.0
75 17.0
76 43.0
77 43.0
78 16.0
79 20.0
80 11.0
81 12.0
82 15.0
83 29.0
84 27.0
85 18.0
86 16.0
87 831.0
88 1059.0
89 95.0
90 55.0
91 34.0
92 24.0
93 27.0
94 51.0
95 233.0
96 26.0
97 35.0
98 124.0
99 64.0
100 94.0
101 89.0
102 177.0
103 104.0
104 236.0
105 133.0
106 143.0
107 60.0
108 37.0
109 915.0
110 1423.0
111 1824.0
112 1932.0
113 1734.0
114 2034.0
115 1567.0
116 1390.0
117 1368.0
118 2213.0
119 1261.0
120 1634.0
Average 206.96694214876032
