0 0.0
1 0.0
2 0.0
3 0.0
4 0.0
5 0.0
6 6.0
7 2.0
8 0.0
9 165.0
10 435.0
11 0.0
12 89.0
13 50.0
14 127.0
15 338.0
16 192.0
17 404.0
18 14.0
19 84.0
20 184.0
21 0.0
22 0.0
23 0.0
24 0.0
25 0.0
26 0.0
27 0.0
28 69.0
29 152.0
30 89.0
31 0.0
32 0.0
33 0.0
34 0.0
35 0.0
36 0.0
37 0.0
38 0.0
39 0.0
40 0.0
41 0.0
42 0.0
43 0.0
44 0.0
45 0.0
46 6.0
47 2.0
48 0.0
49 79.0
50 144.0
51 201.0
52 231.0
53 79.0
54 111.0
55 292.0
56 237.0
57 175.0
58 265.0
59 62.0
60 86.0
61 120.0
62 0.0
63 0.0
64 0.0
65 0.0
66 0.0
67 10.0
68 219.0
69 494.0
70 743.0
71 1119.0
72 834.0
73 848.0
74 720.0
75 935.0
76 952.0
77 856.0
78 557.0
79 1323.0
80 1075.0
81 872.0
82 832.0
83 978.0
84 863.0
85 793.0
86 777.0
87 904.0
88 1016.0
89 1012.0
90 974.0
91 1100.0
92 1040.0
93 1023.0
94 790.0
95 976.0
96 948.0
97 848.0
98 828.0
99 1506.0
100 834.0
101 1007.0
102 913.0
103 1284.0
104 793.0
105 898.0
106 1025.0
107 763.0
108 935.0
109 1317.0
110 1244.0
111 1116.0
112 716.0
113 913.0
114 964.0
115 904.0
116 1120.0
117 1042.0
118 1060.0
119 1007.0
120 1383.0
Average 450.35537190082647
