0 36.0
1 36.0
2 36.0
3 37.0
4 36.0
5 36.0
6 0.0
7 36.0
8 36.0
9 38.0
10 78.0
11 76.0
12 13.0
13 56.0
14 47.0
15 59.0
16 46.0
17 58.0
18 51.0
19 170.0
20 1.0
21 80.0
22 106.0
23 234.0
24 13.0
25 310.0
26 77.0
27 157.0
28 60.0
29 66.0
30 76.0
31 77.0
32 64.0
33 104.0
34 111.0
35 103.0
36 14.0
37 137.0
38 147.0
39 88.0
40 73.0
41 10.0
42 9.0
43 39.0
44 332.0
45 339.0
46 20.0
47 0.0
48 0.0
49 0.0
50 0.0
51 7.0
52 10.0
53 14.0
54 259.0
55 115.0
56 0.0
57 8.0
58 261.0
59 516.0
60 483.0
61 32.0
62 223.0
63 180.0
64 226.0
65 617.0
66 785.0
67 750.0
68 483.0
69 751.0
70 1236.0
71 1281.0
72 564.0
73 448.0
74 729.0
75 947.0
76 969.0
77 676.0
78 727.0
79 870.0
80 1022.0
81 1138.0
82 1075.0
83 538.0
84 994.0
85 489.0
86 886.0
87 1060.0
88 1052.0
89 893.0
90 856.0
91 888.0
92 1091.0
93 896.0
94 1341.0
95 791.0
96 462.0
97 858.0
98 1282.0
99 1528.0
100 666.0
101 756.0
102 1112.0
103 813.0
104 843.0
105 854.0
106 1097.0
107 690.0
108 1225.0
109 612.0
110 906.0
111 1132.0
112 833.0
113 891.0
114 1146.0
115 913.0
116 1164.0
117 1039.0
118 660.0
119 1059.0
120 954.0
Average 466.94214876033055
