0 66.0
1 322.0
2 354.0
3 650.0
4 543.0
5 731.0
6 1303.0
7 1036.0
8 563.0
9 818.0
10 926.0
11 729.0
12 1096.0
13 615.0
14 1094.0
15 740.0
16 571.0
17 606.0
18 629.0
19 860.0
20 622.0
21 644.0
22 1097.0
23 825.0
24 788.0
25 548.0
26 701.0
27 1004.0
28 666.0
29 741.0
30 941.0
31 664.0
32 941.0
33 1149.0
34 599.0
35 876.0
36 873.0
37 570.0
38 894.0
39 723.0
40 862.0
41 751.0
42 789.0
43 981.0
44 868.0
45 797.0
46 884.0
47 841.0
48 522.0
49 808.0
50 719.0
51 802.0
52 903.0
53 1190.0
54 802.0
55 882.0
56 821.0
57 851.0
58 506.0
59 723.0
60 814.0
61 722.0
62 764.0
63 617.0
64 991.0
65 767.0
66 774.0
67 727.0
68 1091.0
69 647.0
70 958.0
71 1006.0
72 772.0
73 753.0
74 1139.0
75 1018.0
76 895.0
77 819.0
78 576.0
79 795.0
80 701.0
81 720.0
82 549.0
83 361.0
84 984.0
85 989.0
86 731.0
87 1648.0
88 1203.0
89 678.0
90 986.0
91 786.0
92 684.0
93 358.0
94 711.0
95 926.0
96 516.0
97 563.0
98 647.0
99 639.0
100 541.0
101 619.0
102 698.0
103 555.0
104 690.0
105 858.0
106 752.0
107 912.0
108 1024.0
109 533.0
110 522.0
111 802.0
112 929.0
113 611.0
114 726.0
115 689.0
116 641.0
117 781.0
118 904.0
119 544.0
120 753.0
Average 772.9669421487604
