0 65.0
1 39.0
2 55.0
3 36.0
4 27.0
5 135.0
6 75.0
7 132.0
8 156.0
9 167.0
10 62.0
11 65.0
12 93.0
13 55.0
14 36.0
15 59.0
16 45.0
17 71.0
18 68.0
19 129.0
20 224.0
21 153.0
22 174.0
23 235.0
24 122.0
25 118.0
26 123.0
27 95.0
28 109.0
29 117.0
30 127.0
31 184.0
32 86.0
33 24.0
34 2.0
35 0.0
36 0.0
37 0.0
38 0.0
39 0.0
40 0.0
41 0.0
42 0.0
43 0.0
44 0.0
45 0.0
46 11.0
47 0.0
48 0.0
49 0.0
50 0.0
51 38.0
52 339.0
53 762.0
54 347.0
55 337.0
56 161.0
57 120.0
58 0.0
59 0.0
60 170.0
61 429.0
62 812.0
63 672.0
64 846.0
65 1072.0
66 1137.0
67 607.0
68 745.0
69 614.0
70 937.0
71 801.0
72 898.0
73 1316.0
74 625.0
75 507.0
76 654.0
77 789.0
78 700.0
79 895.0
80 443.0
81 898.0
82 1235.0
83 400.0
84 672.0
85 676.0
86 1139.0
87 643.0
88 679.0
89 994.0
90 1066.0
91 1245.0
92 1050.0
93 1056.0
94 784.0
95 608.0
96 1101.0
97 996.0
98 1178.0
99 896.0
100 475.0
101 743.0
102 1137.0
103 949.0
104 1347.0
105 853.0
106 1279.0
107 850.0
108 913.0
109 742.0
110 1059.0
111 1006.0
112 1001.0
113 1237.0
114 896.0
115 961.0
116 919.0
117 671.0
118 465.0
119 1286.0
120 490.0
Average 478.0330578512397
