0 0.0
1 0.0
2 0.0
3 0.0
4 0.0
5 0.0
6 11.0
7 0.0
8 0.0
9 0.0
10 0.0
11 66.0
12 25.0
13 138.0
14 626.0
15 599.0
16 154.0
17 192.0
18 0.0
19 0.0
20 0.0
21 0.0
22 0.0
23 9.0
24 88.0
25 39.0
26 195.0
27 258.0
28 0.0
29 0.0
30 0.0
31 0.0
32 0.0
33 0.0
34 0.0
35 0.0
36 0.0
37 0.0
38 0.0
39 0.0
40 0.0
41 0.0
42 0.0
43 0.0
44 0.0
45 0.0
46 11.0
47 0.0
48 0.0
49 0.0
50 0.0
51 8.0
52 334.0
53 761.0
54 294.0
55 396.0
56 157.0
57 154.0
58 0.0
59 0.0
60 146.0
61 378.0
62 760.0
63 738.0
64 825.0
65 946.0
66 1205.0
67 747.0
68 662.0
69 604.0
70 946.0
71 819.0
72 773.0
73 1481.0
74 609.0
75 458.0
76 661.0
77 734.0
78 641.0
79 977.0
80 509.0
81 840.0
82 1145.0
83 598.0
84 494.0
85 746.0
86 1053.0
87 698.0
88 743.0
89 1069.0
90 988.0
91 1254.0
92 1046.0
93 1034.0
94 716.0
95 680.0
96 1072.0
97 996.0
98 1244.0
99 917.0
100 390.0
101 714.0
102 1264.0
103 1055.0
104 1181.0
105 925.0
106 1161.0
107 909.0
108 911.0
109 745.0
110 1058.0
111 871.0
112 1087.0
113 1272.0
114 885.0
115 978.0
116 939.0
117 517.0
118 573.0
119 1250.0
120 562.0
Average 468.7107438016529
