0 0.0
1 0.0
2 131.0
3 0.0
4 0.0
5 0.0
6 0.0
7 0.0
8 129.0
9 284.0
10 383.0
11 511.0
12 720.0
13 407.0
14 593.0
15 537.0
16 586.0
17 700.0
18 378.0
19 932.0
20 486.0
21 442.0
22 569.0
23 656.0
24 717.0
25 417.0
26 642.0
27 505.0
28 586.0
29 685.0
30 770.0
31 572.0
32 698.0
33 496.0
34 416.0
35 542.0
36 735.0
37 698.0
38 635.0
39 595.0
40 576.0
41 440.0
42 759.0
43 513.0
44 607.0
45 694.0
46 488.0
47 644.0
48 654.0
49 430.0
50 660.0
51 515.0
52 487.0
53 597.0
54 527.0
55 588.0
56 670.0
57 591.0
58 470.0
59 642.0
60 585.0
61 470.0
62 791.0
63 636.0
64 513.0
65 757.0
66 570.0
67 662.0
68 560.0
69 590.0
70 787.0
71 721.0
72 482.0
73 820.0
74 584.0
75 660.0
76 456.0
77 712.0
78 624.0
79 594.0
80 510.0
81 924.0
82 676.0
83 561.0
84 512.0
85 600.0
86 630.0
87 442.0
88 549.0
89 634.0
90 730.0
91 612.0
92 431.0
93 621.0
94 589.0
95 653.0
96 651.0
97 705.0
98 528.0
99 528.0
100 612.0
101 694.0
102 699.0
103 637.0
104 721.0
105 776.0
106 646.0
107 480.0
108 548.0
109 562.0
110 621.0
111 493.0
112 598.0
113 666.0
114 750.0
115 555.0
116 706.0
117 692.0
118 656.0
119 416.0
120 526.0
Average 557.1818181818181
