0 42.0
1 339.0
2 846.0
3 734.0
4 679.0
5 1031.0
6 1119.0
7 694.0
8 622.0
9 1149.0
10 1071.0
11 883.0
12 626.0
13 758.0
14 692.0
15 705.0
16 693.0
17 889.0
18 803.0
19 509.0
20 578.0
21 522.0
22 580.0
23 452.0
24 515.0
25 584.0
26 635.0
27 646.0
28 876.0
29 735.0
30 477.0
31 583.0
32 526.0
33 555.0
34 502.0
35 737.0
36 673.0
37 614.0
38 505.0
39 573.0
40 646.0
41 504.0
42 1030.0
43 760.0
44 834.0
45 637.0
46 873.0
47 635.0
48 560.0
49 749.0
50 746.0
51 561.0
52 687.0
53 696.0
54 751.0
55 564.0
56 559.0
57 699.0
58 891.0
59 578.0
60 641.0
61 719.0
62 785.0
63 718.0
64 592.0
65 846.0
66 939.0
67 857.0
68 1064.0
69 713.0
70 830.0
71 788.0
72 647.0
73 706.0
74 756.0
75 740.0
76 546.0
77 677.0
78 1043.0
79 1081.0
80 802.0
81 561.0
82 737.0
83 673.0
84 628.0
85 674.0
86 886.0
87 709.0
88 780.0
89 518.0
90 598.0
91 674.0
92 625.0
93 950.0
94 1068.0
95 740.0
96 699.0
97 844.0
98 596.0
99 766.0
100 795.0
101 553.0
102 613.0
103 677.0
104 649.0
105 646.0
106 524.0
107 550.0
108 640.0
109 697.0
110 652.0
111 754.0
112 661.0
113 803.0
114 657.0
115 736.0
116 624.0
117 532.0
118 547.0
119 757.0
120 900.0
Average 701.6115702479339
