0 0.0
1 0.0
2 0.0
3 121.0
4 10.0
5 0.0
6 0.0
7 0.0
8 0.0
9 425.0
10 396.0
11 486.0
12 734.0
13 413.0
14 593.0
15 573.0
16 602.0
17 640.0
18 390.0
19 981.0
20 428.0
21 472.0
22 592.0
23 606.0
24 789.0
25 400.0
26 590.0
27 542.0
28 554.0
29 725.0
30 756.0
31 584.0
32 624.0
33 531.0
34 405.0
35 577.0
36 726.0
37 713.0
38 582.0
39 675.0
40 509.0
41 443.0
42 764.0
43 588.0
44 579.0
45 689.0
46 432.0
47 664.0
48 656.0
49 433.0
50 633.0
51 579.0
52 442.0
53 590.0
54 529.0
55 671.0
56 628.0
57 557.0
58 505.0
59 659.0
60 540.0
61 474.0
62 786.0
63 656.0
64 536.0
65 731.0
66 572.0
67 661.0
68 520.0
69 635.0
70 778.0
71 699.0
72 499.0
73 812.0
74 594.0
75 617.0
76 490.0
77 705.0
78 621.0
79 602.0
80 478.0
81 973.0
82 698.0
83 544.0
84 500.0
85 596.0
86 658.0
87 452.0
88 544.0
89 604.0
90 705.0
91 607.0
92 490.0
93 613.0
94 560.0
95 692.0
96 626.0
97 701.0
98 513.0
99 519.0
100 618.0
101 713.0
102 781.0
103 493.0
104 756.0
105 808.0
106 598.0
107 512.0
108 538.0
109 571.0
110 612.0
111 468.0
112 638.0
113 649.0
114 759.0
115 582.0
116 685.0
117 690.0
118 668.0
119 398.0
120 510.0
Average 557.297520661157
