0 290.0
1 636.0
2 828.0
3 570.0
4 1104.0
5 676.0
6 657.0
7 682.0
8 876.0
9 587.0
10 1055.0
11 583.0
12 837.0
13 691.0
14 811.0
15 859.0
16 577.0
17 751.0
18 1060.0
19 815.0
20 527.0
21 696.0
22 527.0
23 475.0
24 511.0
25 550.0
26 637.0
27 642.0
28 885.0
29 742.0
30 567.0
31 553.0
32 481.0
33 528.0
34 536.0
35 495.0
36 687.0
37 627.0
38 675.0
39 524.0
40 573.0
41 653.0
42 828.0
43 884.0
44 963.0
45 779.0
46 670.0
47 608.0
48 616.0
49 667.0
50 757.0
51 604.0
52 802.0
53 521.0
54 759.0
55 605.0
56 617.0
57 698.0
58 659.0
59 672.0
60 739.0
61 708.0
62 902.0
63 617.0
64 653.0
65 639.0
66 921.0
67 765.0
68 758.0
69 746.0
70 1233.0
71 780.0
72 759.0
73 711.0
74 817.0
75 612.0
76 592.0
77 651.0
78 701.0
79 687.0
80 743.0
81 830.0
82 817.0
83 743.0
84 747.0
85 679.0
86 706.0
87 693.0
88 662.0
89 675.0
90 794.0
91 702.0
92 824.0
93 823.0
94 1097.0
95 535.0
96 698.0
97 910.0
98 853.0
99 807.0
100 905.0
101 595.0
102 604.0
103 677.0
104 453.0
105 660.0
106 562.0
107 488.0
108 657.0
109 690.0
110 662.0
111 635.0
112 712.0
113 886.0
114 697.0
115 601.0
116 610.0
117 639.0
118 556.0
119 597.0
120 736.0
Average 699.9669421487604
