0 38.0
1 30.0
2 35.0
3 10.0
4 33.0
5 25.0
6 29.0
7 64.0
8 18.0
9 42.0
10 38.0
11 32.0
12 100.0
13 117.0
14 4.0
15 6.0
16 13.0
17 17.0
18 16.0
19 69.0
20 5.0
21 5.0
22 8.0
23 15.0
24 5.0
25 5.0
26 8.0
27 4.0
28 4.0
29 7.0
30 8.0
31 5.0
32 8.0
33 4.0
34 4.0
35 4.0
36 8.0
37 9.0
38 8.0
39 5.0
40 6.0
41 5.0
42 6.0
43 6.0
44 7.0
45 9.0
46 12.0
47 10.0
48 11.0
49 7.0
50 7.0
51 7.0
52 5.0
53 7.0
54 5.0
55 7.0
56 11.0
57 8.0
58 6.0
59 11.0
60 3.0
61 7.0
62 7.0
63 12.0
64 12.0
65 12.0
66 12.0
67 22.0
68 7.0
69 23.0
70 9.0
71 17.0
72 45.0
73 31.0
74 59.0
75 57.0
76 26.0
77 26.0
78 44.0
79 11.0
80 597.0
81 759.0
82 991.0
83 624.0
84 696.0
85 677.0
86 808.0
87 763.0
88 780.0
89 795.0
90 658.0
91 714.0
92 711.0
93 827.0
94 689.0
95 639.0
96 617.0
97 659.0
98 822.0
99 777.0
100 980.0
101 858.0
102 796.0
103 756.0
104 1148.0
105 682.0
106 786.0
107 818.0
108 717.0
109 613.0
110 642.0
111 821.0
112 691.0
113 874.0
114 1202.0
115 840.0
116 762.0
117 781.0
118 949.0
119 849.0
120 945.0
Average 277.46280991735534
