0 0.0
1 0.0
2 131.0
3 0.0
4 0.0
5 0.0
6 0.0
7 0.0
8 137.0
9 309.0
10 373.0
11 488.0
12 773.0
13 388.0
14 579.0
15 564.0
16 612.0
17 637.0
18 392.0
19 978.0
20 430.0
21 437.0
22 605.0
23 629.0
24 768.0
25 394.0
26 615.0
27 531.0
28 540.0
29 909.0
30 597.0
31 570.0
32 674.0
33 483.0
34 418.0
35 609.0
36 695.0
37 720.0
38 573.0
39 679.0
40 506.0
41 446.0
42 746.0
43 616.0
44 569.0
45 665.0
46 456.0
47 675.0
48 639.0
49 442.0
50 633.0
51 570.0
52 440.0
53 593.0
54 535.0
55 644.0
56 648.0
57 572.0
58 490.0
59 655.0
60 532.0
61 465.0
62 790.0
63 657.0
64 519.0
65 751.0
66 578.0
67 648.0
68 542.0
69 664.0
70 766.0
71 678.0
72 537.0
73 780.0
74 608.0
75 603.0
76 482.0
77 712.0
78 614.0
79 615.0
80 473.0
81 973.0
82 693.0
83 552.0
84 483.0
85 588.0
86 664.0
87 464.0
88 549.0
89 590.0
90 714.0
91 613.0
92 468.0
93 633.0
94 546.0
95 668.0
96 610.0
97 759.0
98 505.0
99 522.0
100 624.0
101 722.0
102 692.0
103 584.0
104 734.0
105 809.0
106 606.0
107 503.0
108 549.0
109 570.0
110 606.0
111 470.0
112 640.0
113 648.0
114 761.0
115 566.0
116 696.0
117 689.0
118 673.0
119 390.0
120 566.0
Average 557.7107438016529
