0 77.0
1 276.0
2 203.0
3 417.0
4 589.0
5 745.0
6 495.0
7 915.0
8 761.0
9 749.0
10 942.0
11 717.0
12 449.0
13 740.0
14 859.0
15 937.0
16 682.0
17 703.0
18 479.0
19 550.0
20 563.0
21 609.0
22 469.0
23 478.0
24 542.0
25 631.0
26 625.0
27 925.0
28 611.0
29 617.0
30 558.0
31 571.0
32 446.0
33 542.0
34 697.0
35 674.0
36 660.0
37 525.0
38 493.0
39 552.0
40 641.0
41 1097.0
42 832.0
43 963.0
44 642.0
45 602.0
46 650.0
47 609.0
48 557.0
49 780.0
50 640.0
51 634.0
52 720.0
53 618.0
54 740.0
55 579.0
56 796.0
57 751.0
58 551.0
59 651.0
60 733.0
61 911.0
62 737.0
63 449.0
64 946.0
65 1083.0
66 783.0
67 985.0
68 835.0
69 750.0
70 676.0
71 636.0
72 948.0
73 626.0
74 581.0
75 603.0
76 1210.0
77 1115.0
78 697.0
79 704.0
80 544.0
81 878.0
82 993.0
83 681.0
84 533.0
85 561.0
86 610.0
87 755.0
88 518.0
89 659.0
90 606.0
91 511.0
92 946.0
93 1083.0
94 739.0
95 704.0
96 886.0
97 718.0
98 1185.0
99 666.0
100 524.0
101 586.0
102 523.0
103 490.0
104 615.0
105 545.0
106 571.0
107 811.0
108 552.0
109 575.0
110 852.0
111 909.0
112 692.0
113 593.0
114 498.0
115 718.0
116 525.0
117 547.0
118 642.0
119 1069.0
120 1109.0
Average 684.7603305785124
